Energy per particle (eV)
-0.027562
-0.027405
-0.027229
-0.027444
-0.027045
-0.026751
-0.026462
-0.026385
-0.026396
-0.026997
-0.026905
-0.026723
-0.026752
-0.026843
-0.027117
-0.026489
-0.026738
-0.026773
-0.026757
-0.026971
-0.027119
-0.027091
-0.027115
-0.026890
-0.027257
-0.026808
-0.026403
-0.026903
-0.026859
-0.026869
-0.027129
-0.026973
-0.026991
-0.026899
-0.026929
-0.026867
-0.027067
-0.026819
-0.027186
-0.027105
-0.026972
-0.026901
-0.026576
-0.026719
-0.026632
-0.026790
-0.026685
-0.026672
-0.026981
-0.026964
-0.026793
-0.026405
-0.026107
-0.026405
-0.026337
-0.026624
-0.027160
-0.026766
-0.026739
-0.026891
-0.026897
-0.027132
-0.026927
-0.026923
-0.026746
-0.026743
-0.026827
-0.027099
-0.027067
-0.027049
-0.026680
-0.026773
-0.026861
-0.026562
-0.026842
-0.027363
-0.026912
-0.026640
-0.026655
-0.026730
-0.026461
-0.026599
-0.026945
-0.026777
-0.026930
-0.026779
-0.026601
-0.026839
-0.026375
-0.026484
-0.026694
-0.026898
-0.026491
-0.026245
-0.026544
-0.026411
-0.026257
-0.026952
-0.026759
-0.026832
-0.026838
-0.026232
-0.026385
-0.026474
-0.026953
-0.026801
-0.026713
-0.026546
-0.026808
-0.027135
-0.026939
-0.026906
-0.026445
-0.026733
-0.027012
-0.026243
-0.026533
-0.026411
-0.026488
-0.026742
-0.026569
-0.026458
-0.026482
-0.026845
-0.026311
-0.026392
-0.026929
-0.026572
-0.026394
-0.026529
-0.026423
-0.026604
-0.026661
-0.026488
-0.026574
-0.026643
-0.026530
-0.026644
-0.026267
-0.026479
-0.026797
-0.026576
-0.026589
-0.026706
-0.026636
-0.027061
-0.026782
-0.026646
-0.026702
-0.026445
-0.026490
-0.026522
-0.026571
-0.026892
-0.026853
-0.026548
-0.026898
-0.026776
-0.026692
-0.026469
-0.026515
-0.026579
-0.026752
-0.026785
-0.026629
-0.026499
-0.026573
-0.026905
-0.027134
-0.026925
-0.026459
-0.026747
-0.026906
-0.026711
-0.026837
-0.026945
-0.026897
-0.026857
-0.026831
-0.027059
-0.026880
-0.026936
-0.026865
-0.026723
-0.027027
-0.027295
-0.027193
-0.027027
-0.027681
-0.027262
-0.027166
-0.027147
-0.027067
-0.027094
-0.027107
-0.027165
-0.027021
-0.026840
-0.027094
-0.026690
-0.026678
-0.026806
-0.026940
-0.026739
-0.027006
-0.027196
-0.026789
-0.026675
-0.026578
-0.026827
-0.027134
-0.027315
-0.026858
-0.026783
-0.027031
-0.026855
-0.027029
-0.027025
-0.026871
-0.026521
-0.026775
-0.026820
-0.026912
-0.026557
-0.026694
-0.027046
-0.026783
-0.026939
-0.026979
-0.026585
-0.026828
-0.026911
-0.027003
-0.026642
-0.026711
-0.026789
-0.026542
-0.026979
-0.026941
-0.026891
-0.026620
-0.026905
-0.026579
-0.026467
-0.026627
-0.026738
-0.026671
-0.026825
-0.026437
-0.026719
-0.026711
-0.026623
-0.026502
-0.026725
-0.026873
-0.027012
-0.026897
-0.026863
-0.027081
-0.027309
-0.026780
-0.026299
-0.026926
-0.027036
-0.026900
-0.027035
-0.026922
-0.027097
-0.026801
-0.026709
-0.027039
-0.026654
-0.026715
-0.026746
-0.026837
-0.026898
-0.026884
-0.027113
-0.026974
-0.026838
-0.026661
-0.026432
-0.026638
-0.027034
-0.026773
-0.026677
-0.026921
-0.027026
-0.027107
-0.026784
-0.027339
-0.026909
-0.026737
-0.026955
-0.026634
-0.026972
-0.027049
-0.026735
-0.026730
-0.027313
-0.026701
-0.026842
-0.026330
-0.026647
-0.026496
-0.026715
-0.026432
-0.026495
-0.026298
-0.026382
-0.026874
-0.026875
-0.026996
-0.026949
-0.026712
-0.026761
-0.027069
-0.026859
-0.026845
-0.026523
-0.026701
-0.027113
-0.026711
-0.026514
-0.026403
-0.026400
-0.026772
-0.026458
-0.026553
-0.026659
-0.026524
-0.026536
-0.026496
-0.026984
-0.026771
-0.026874
-0.026902
-0.026742
-0.026473
-0.026394
-0.026525
-0.026544
-0.026593
-0.026321
-0.026451
-0.026151
-0.026648
-0.026674
-0.026753
-0.026650
-0.026398
-0.026472
-0.026471
-0.026579
-0.026595
-0.026624
-0.026723
-0.026767
-0.026705
-0.026463
-0.026625
-0.026662
-0.026841
-0.027207
-0.026883
-0.027189
-0.026914
-0.026764
-0.026594
-0.026555
-0.026935
-0.026678
-0.026663
-0.026860
-0.026935
-0.026920
-0.026832
-0.027021
-0.027083
-0.026875
-0.026680
-0.027266
-0.027225
-0.026691
-0.026699
-0.026844
-0.026862
-0.026834
-0.026843
-0.026874
-0.026775
-0.027029
-0.026946
-0.026454
-0.026720
-0.026673
-0.026968
-0.026880
-0.026615
-0.026970
-0.026894
-0.026908
-0.026862
-0.027003
-0.027094
-0.026756
-0.026831
-0.026807
-0.026641
-0.026903
-0.026527
-0.026736
-0.026860
-0.026808
-0.026425
-0.026916
-0.026556
-0.026917
-0.027110
-0.026554
-0.026813
-0.026455
-0.026529
-0.026785
-0.026918
-0.026683
-0.026794
-0.026874
-0.026583
-0.026866
-0.026536
-0.026506
-0.026420
-0.026437
-0.026690
-0.026458
-0.026817
-0.026544
-0.026435
-0.026285
-0.026302
-0.026438
-0.026263
-0.026310
-0.026372
-0.026464
-0.026286
-0.026480
-0.026370
-0.026687
-0.026420
-0.026406
-0.026489
-0.026332
-0.026467
-0.026385
-0.026260
-0.026637
-0.026663
-0.026639
-0.026987
-0.026502
-0.027123
-0.026859
-0.026878
-0.026616
-0.026356
-0.026329
-0.026259
-0.026791
-0.026905
-0.026566
-0.026693
-0.026700
-0.026575
-0.026896
-0.026758
-0.027006
-0.026629
-0.026620
-0.026719
-0.026670
-0.026394
-0.026210
-0.026686
-0.026641
-0.026680
-0.026811
-0.027009
-0.026640
-0.026730
-0.026586
-0.026695
-0.026426
-0.026669
-0.027008
-0.026913
-0.026867
-0.026648
-0.026991
-0.026943
-0.026879
-0.026721
-0.026948
-0.027190
-0.027233
-0.026885
-0.027257
-0.026920
-0.026852
-0.026894
-0.027064
-0.026875
-0.026614
-0.026512
-0.026652
-0.026649
-0.026951
-0.026746
-0.026410
-0.026596
-0.026619
-0.026584
-0.026923
-0.026819
-0.026526
-0.026490
-0.026633
-0.027165
-0.026831
-0.026598
-0.026638
-0.026993
-0.026757
-0.026663
-0.026943
-0.026891
-0.027009
-0.026908
-0.026881
-0.026960
-0.026602
-0.026878
-0.026791
-0.027074
-0.026936
-0.027016
-0.027120
-0.026816
-0.026630
-0.026928
-0.027242
-0.027044
-0.026564
-0.026638
-0.026392
-0.026200
-0.026530
-0.026349
-0.026773
-0.026823
-0.026925
-0.027047
-0.026951
-0.027251
-0.027284
-0.026920
-0.026642
-0.027231
-0.026999
-0.026829
-0.027244
-0.026981
-0.026967
-0.026940
-0.026809
-0.026503
-0.026782
-0.026520
-0.026513
-0.026813
-0.026659
-0.026918
-0.027168
-0.026650
-0.026775
-0.026997
-0.026757
-0.027226
-0.026558
-0.027189
-0.027180
-0.026842
-0.026743
-0.026732
-0.026578
-0.026611
-0.026809
-0.027038
-0.026693
-0.027134
-0.027043
-0.026900
-0.026761
-0.026838
-0.026885
-0.026932
-0.026726
-0.026905
-0.026865
-0.026992
-0.026929
-0.027127
-0.027098
-0.027289
-0.026836
-0.026790
-0.026923
-0.026497
-0.026425
-0.026443
-0.026681
-0.026783
-0.027080
-0.027000
-0.027017
-0.027167
-0.026967
-0.026830
-0.026613
-0.027282
-0.027130
-0.026951
-0.026859
-0.027158
-0.027054
-0.027044
-0.026937
-0.027022
-0.027296
-0.026826
-0.026840
-0.026797
-0.026957
-0.026808
-0.026749
-0.026529
-0.026387
-0.027110
-0.026789
-0.027136
-0.026772
-0.026994
-0.026996
-0.026906
-0.026961
-0.027097
-0.026926
-0.026921
-0.026377
-0.026892
-0.026687
-0.026867
-0.026783
-0.027073
-0.026886
-0.026653
-0.026860
-0.026676
-0.026965
-0.026664
-0.027068
-0.026983
-0.026947
-0.026877
-0.026442
-0.026718
-0.026649
-0.026731
-0.026303
-0.026687
-0.026601
-0.026664
-0.026712
-0.026599
-0.026518
-0.026646
-0.026794
-0.026952
-0.026826
-0.026980
-0.026747
-0.026744
-0.026568
-0.026461
-0.026741
-0.026877
-0.026652
-0.026435
-0.026809
-0.026656
-0.027246
-0.026915
-0.026792
-0.026266
-0.026618
-0.026421
-0.026287
-0.026353
-0.026210
-0.025849
-0.026613
-0.026300
-0.026241
-0.026113
-0.026795
-0.026745
-0.026736
-0.026880
-0.026045
-0.026699
-0.026964
-0.026661
-0.026788
-0.026719
-0.026502
-0.026670
-0.026728
-0.027182
-0.026927
-0.026941
-0.026753
-0.026541
-0.026853
-0.026360
-0.026625
-0.026810
-0.026562
-0.026637
-0.026648
-0.027004
-0.026865
-0.027048
-0.027058
-0.026525
-0.026889
-0.026924
-0.026464
-0.026560
-0.026541
-0.026248
-0.026847
-0.026240
-0.026718
-0.026742
-0.026754
-0.026131
-0.026795
-0.026960
-0.026955
-0.026606
-0.026645
-0.026838
-0.026779
-0.026610
-0.026696
-0.026562
-0.026721
-0.026170
-0.026544
-0.026703
-0.026367
-0.026357
-0.025972
-0.026821
-0.026980
-0.026617
-0.026609
-0.026509
-0.026490
-0.026399
-0.026329
-0.026264
-0.026519
-0.026551
-0.026727
-0.027040
-0.026702
-0.026985
-0.026557
-0.026676
-0.026564
-0.026896
-0.027135
-0.026982
-0.026756
-0.026579
-0.026815
-0.026587
-0.026890
-0.027070
-0.027280
-0.027065
-0.027407
-0.027346
-0.027077
-0.026760
-0.026607
-0.026637
-0.026699
-0.026870
-0.026613
-0.026881
-0.026796
-0.027140
-0.027191
-0.027017
-0.026638
-0.026782
-0.027077
-0.026545
-0.026581
-0.026456
-0.026519
-0.026717
-0.026812
-0.026665
-0.026720
-0.026797
-0.026649
-0.026437
-0.026350
-0.026594
-0.025984
-0.026611
-0.026592
-0.026562
-0.026602
-0.027127
-0.026715
-0.026764
-0.027221
-0.026580
-0.026579
-0.026850
-0.026450
-0.026636
-0.026556
-0.026390
-0.026990
-0.026411
-0.026561
-0.026421
-0.026877
-0.026760
-0.026737
-0.026581
-0.026437
-0.026778
-0.026550
-0.026406
-0.026261
-0.026979
-0.026474
-0.026966
-0.026796
-0.026821
-0.026544
-0.026565
-0.026899
-0.026811
-0.026955
-0.026772
-0.026616
-0.026549
-0.026562
-0.026262
-0.026386
-0.026686
-0.026406
-0.026779
-0.026562
-0.026958
-0.026602
-0.026849
-0.026866
-0.026668
-0.027100
-0.027068
-0.027094
-0.027079
-0.026935
-0.027042
-0.026946
-0.026989
-0.026818
-0.026964
-0.026822
-0.026682
-0.026413
-0.026491
-0.026831
-0.026391
-0.026560
-0.026954
-0.026057
-0.026267
-0.026553
-0.026873
-0.026664
-0.026778
-0.026868
-0.027048
-0.026778
-0.027370
-0.026936
-0.026943
-0.027254
-0.027261
-0.027027
-0.027074
-0.027088
-0.026949
-0.027261
-0.027310
-0.027530
-0.027088
-0.027069
-0.027086
-0.027220
-0.026797
-0.026798
-0.026796
-0.026664
-0.026888
-0.026795
-0.026990
-0.027273
-0.027100
-0.026914
-0.027019
-0.026678
-0.027099
-0.026623
-0.027183
-0.026766
-0.026896
-0.026973
-0.026887
-0.026828
-0.026852
-0.027081
-0.026638
-0.026774
-0.026894
-0.026586
-0.027016
-0.027403
-0.026635
-0.026653
-0.026702
-0.026831
-0.026794
-0.026556
-0.026786
-0.026966
-0.026711
-0.026708
-0.026508
-0.026553
-0.026532
-0.026859
-0.027017
-0.027284
-0.026698
-0.026930
-0.026996
-0.027079
-0.027211
-0.027026
-0.026908
-0.026874
-0.026397
-0.026618
-0.026477
-0.026270
-0.026675
-0.026574
-0.026879
-0.026296
-0.026560
-0.026673
-0.026602
-0.026937
-0.026658
-0.026658
-0.026794
-0.026507
-0.026595
-0.026591
