Orientation Order Parameter
0.916942
0.907907
0.913136
0.906858
0.885827
0.867579
0.820509
0.823964
0.852602
0.892952
0.865194
0.855537
0.866706
0.877271
0.875484
0.840916
0.827301
0.854986
0.850170
0.842778
0.852657
0.887975
0.893414
0.901200
0.890252
0.862912
0.880891
0.873711
0.854325
0.881778
0.905245
0.883668
0.915075
0.885347
0.885810
0.870169
0.894783
0.874253
0.896702
0.887264
0.878846
0.873808
0.855203
0.853884
0.848309
0.867967
0.861327
0.862228
0.871775
0.888771
0.868658
0.860626
0.806319
0.807659
0.811404
0.861415
0.891136
0.882297
0.891824
0.883737
0.903092
0.894676
0.864003
0.865106
0.860883
0.866075
0.864652
0.900501
0.889324
0.870400
0.883731
0.877048
0.896316
0.847715
0.878735
0.911686
0.889955
0.855813
0.855619
0.856718
0.849885
0.867333
0.871989
0.851040
0.862361
0.860621
0.851392
0.898474
0.855212
0.853774
0.876063
0.879548
0.852377
0.819360
0.866089
0.823849
0.814096
0.854614
0.875864
0.877025
0.856124
0.853600
0.844958
0.835073
0.885613
0.879542
0.872971
0.830573
0.861381
0.891133
0.881179
0.888552
0.857867
0.844499
0.852931
0.805466
0.812611
0.792542
0.837846
0.855508
0.859339
0.819473
0.841792
0.864368
0.828025
0.847631
0.888040
0.859953
0.838725
0.850267
0.829491
0.841320
0.851638
0.827128
0.822851
0.844445
0.841088
0.873762
0.831391
0.856088
0.884404
0.877116
0.864261
0.858366
0.870936
0.909305
0.902798
0.883002
0.866287
0.815400
0.843734
0.842990
0.868285
0.900068
0.885087
0.870903
0.862030
0.859996
0.861519
0.839794
0.832732
0.806970
0.842029
0.839298
0.886529
0.844448
0.843469
0.885457
0.885267
0.881215
0.867016
0.864873
0.885185
0.853825
0.873150
0.880530
0.887595
0.884092
0.891870
0.874568
0.834561
0.882497
0.894944
0.870317
0.858005
0.901330
0.872571
0.880152
0.913213
0.911266
0.903336
0.891429
0.894050
0.861896
0.881201
0.901011
0.885733
0.887922
0.889876
0.872179
0.867735
0.859827
0.883552
0.882185
0.881632
0.869875
0.873072
0.853283
0.871715
0.880862
0.877672
0.916973
0.889192
0.885586
0.889171
0.880911
0.883320
0.885107
0.887580
0.823118
0.829208
0.837978
0.885173
0.867239
0.888642
0.886457
0.884141
0.878879
0.889972
0.877795
0.909920
0.909073
0.892502
0.881573
0.844720
0.874028
0.861892
0.892382
0.887995
0.888947
0.839857
0.875027
0.880901
0.859861
0.864813
0.874019
0.867159
0.873365
0.850191
0.883334
0.879318
0.862656
0.864740
0.856985
0.880586
0.899350
0.869661
0.906017
0.908658
0.899584
0.876394
0.853876
0.880133
0.887362
0.876142
0.896128
0.880916
0.886263
0.865664
0.845636
0.830351
0.866331
0.865211
0.871872
0.881839
0.880958
0.870675
0.901744
0.870847
0.889519
0.854261
0.844804
0.834424
0.883698
0.859895
0.867696
0.885046
0.895646
0.905374
0.887128
0.906039
0.885542
0.860348
0.885175
0.884977
0.869404
0.872804
0.857889
0.870451
0.908778
0.853715
0.860565
0.855792
0.881379
0.846640
0.890872
0.847035
0.881081
0.850691
0.870799
0.875297
0.893968
0.896542
0.899058
0.868326
0.892698
0.892202
0.850835
0.859699
0.856233
0.875529
0.891937
0.878510
0.852472
0.801879
0.847147
0.870831
0.868852
0.880164
0.872851
0.876128
0.868454
0.868597
0.907660
0.895298
0.889155
0.844717
0.870760
0.853433
0.843818
0.854562
0.861126
0.875971
0.859225
0.848641
0.817660
0.848944
0.843016
0.886835
0.877658
0.866753
0.872655
0.861118
0.876180
0.885883
0.880356
0.890181
0.887379
0.866791
0.886919
0.889833
0.872858
0.892663
0.904687
0.885689
0.915013
0.893046
0.875267
0.828236
0.843373
0.855675
0.827580
0.876111
0.864838
0.836934
0.858448
0.862664
0.882125
0.896869
0.878381
0.865942
0.909842
0.896805
0.875443
0.843604
0.859386
0.907240
0.885205
0.891152
0.882299
0.891726
0.890230
0.858291
0.861949
0.882823
0.870680
0.888693
0.870515
0.857822
0.871382
0.901362
0.876447
0.889742
0.883371
0.863483
0.861918
0.895588
0.870700
0.881483
0.875864
0.879379
0.867743
0.887652
0.860438
0.838455
0.885862
0.844000
0.875425
0.876116
0.869555
0.860986
0.862752
0.855207
0.874679
0.896663
0.862380
0.905082
0.878127
0.865398
0.892439
0.864892
0.860898
0.861154
0.871661
0.892077
0.860924
0.873290
0.849770
0.852574
0.799189
0.790650
0.840532
0.834467
0.863071
0.829932
0.889980
0.847327
0.853800
0.857397
0.874479
0.845017
0.872255
0.851245
0.849832
0.872648
0.857659
0.866197
0.880424
0.847349
0.866764
0.890126
0.861057
0.865611
0.851108
0.875980
0.882710
0.844607
0.871452
0.826775
0.884849
0.881271
0.875044
0.854523
0.840934
0.850161
0.861674
0.851349
0.855757
0.831814
0.829418
0.851592
0.888257
0.863361
0.850623
0.879187
0.867954
0.862922
0.881343
0.892827
0.888621
0.877179
0.877101
0.877856
0.847125
0.842379
0.888699
0.895883
0.872015
0.857703
0.883893
0.864906
0.881293
0.878165
0.886146
0.902513
0.896353
0.889495
0.899658
0.893765
0.884425
0.870651
0.888319
0.877739
0.867043
0.854878
0.880209
0.877244
0.883115
0.887714
0.883882
0.871980
0.879246
0.850928
0.894906
0.879705
0.835146
0.863798
0.862891
0.890148
0.883716
0.877841
0.876349
0.879383
0.863108
0.853798
0.867595
0.873866
0.895958
0.879495
0.860349
0.897228
0.882113
0.887985
0.875832
0.884826
0.873197
0.866370
0.901602
0.883457
0.885663
0.889321
0.909508
0.897009
0.862822
0.833750
0.872303
0.832904
0.840908
0.848395
0.881881
0.869711
0.885642
0.898986
0.894844
0.912099
0.904995
0.899854
0.880820
0.900848
0.904017
0.873344
0.892714
0.901133
0.900094
0.880376
0.852870
0.853605
0.874150
0.873216
0.855756
0.873771
0.864930
0.866262
0.857448
0.840106
0.862010
0.856616
0.854266
0.885938
0.849055
0.859543
0.862292
0.865516
0.850491
0.849167
0.854062
0.875473
0.884777
0.881403
0.869891
0.906704
0.908203
0.907707
0.889648
0.889040
0.893275
0.904687
0.889666
0.889377
0.901679
0.896265
0.888664
0.890123
0.901254
0.917852
0.888944
0.890019
0.886477
0.832590
0.822525
0.838860
0.844700
0.850379
0.871271
0.873188
0.861082
0.876192
0.862297
0.871352
0.856198
0.902803
0.895180
0.891092
0.888956
0.890844
0.867153
0.870446
0.867744
0.896167
0.900255
0.861504
0.888766
0.888609
0.892600
0.893246
0.890821
0.869262
0.845407
0.883495
0.843779
0.878723
0.879044
0.884100
0.872097
0.880566
0.888924
0.862018
0.885943
0.878892
0.810083
0.858299
0.877406
0.873942
0.878356
0.885551
0.897392
0.876939
0.880376
0.874729
0.901513
0.882968
0.863156
0.854244
0.869857
0.875522
0.848569
0.809601
0.839233
0.834876
0.859887
0.866606
0.855389
0.894174
0.868386
0.848900
0.869239
0.852631
0.871517
0.878616
0.885619
0.860441
0.875595
0.884468
0.862646
0.838078
0.876812
0.872798
0.833155
0.855246
0.888440
0.883184
0.901915
0.873265
0.881039
0.825624
0.873010
0.864700
0.849691
0.865414
0.835677
0.821844
0.846837
0.852012
0.831001
0.832378
0.879004
0.864233
0.896210
0.878308
0.870869
0.874897
0.895786
0.889496
0.905566
0.865509
0.848620
0.846944
0.892585
0.907024
0.879586
0.886647
0.860686
0.845871
0.868561
0.849235
0.875399
0.889174
0.888066
0.868753
0.891266
0.898720
0.884209
0.862153
0.882893
0.838095
0.887787
0.890460
0.869246
0.826503
0.833158
0.848636
0.890718
0.852195
0.854734
0.870319
0.870204
0.830822
0.859069
0.890020
0.890823
0.852182
0.864401
0.880813
0.883377
0.853064
0.867436
0.876894
0.862931
0.828210
0.869879
0.879923
0.864362
0.860388
0.840450
0.895420
0.901645
0.882764
0.865799
0.837153
0.874152
0.834085
0.867820
0.842671
0.872175
0.857320
0.887509
0.895725
0.876878
0.860061
0.829682
0.854911
0.874075
0.878331
0.889725
0.884508
0.875690
0.836131
0.871514
0.874139
0.865144
0.882758
0.919042
0.885658
0.910308
0.901175
0.894996
0.885336
0.859049
0.869031
0.872816
0.872430
0.867601
0.898160
0.864341
0.902448
0.900236
0.887238
0.850498
0.892737
0.896812
0.842620
0.829777
0.881668
0.857094
0.881828
0.884174
0.875409
0.859734
0.883031
0.881108
0.824287
0.864092
0.839873
0.836829
0.869853
0.841345
0.867097
0.862601
0.879815
0.881147
0.898102
0.899689
0.857934
0.861539
0.866922
0.864354
0.856301
0.874590
0.853667
0.889314
0.831059
0.868015
0.836414
0.878322
0.877072
0.882734
0.852467
0.822865
0.843503
0.858675
0.865824
0.816522
0.872115
0.833613
0.886275
0.866606
0.828026
0.853769
0.856352
0.878347
0.858763
0.860391
0.869020
0.880664
0.884687
0.895307
0.858802
0.842351
0.866896
0.874941
0.885494
0.869819
0.886210
0.886326
0.856843
0.871559
0.871857
0.885850
0.883751
0.895393
0.895450
0.875943
0.885266
0.888533
0.885272
0.857437
0.883162
0.891886
0.848290
0.846342
0.859257
0.849110
0.835703
0.860335
0.878201
0.831003
0.863920
0.877612
0.860017
0.859972
0.888935
0.901258
0.894588
0.880481
0.899348
0.892273
0.887166
0.908361
0.901453
0.892313
0.898844
0.904638
0.878045
0.872194
0.887430
0.907166
0.885432
0.902222
0.909717
0.900138
0.882991
0.878594
0.856020
0.859307
0.865589
0.862466
0.882923
0.898537
0.881662
0.865513
0.896110
0.879813
0.881950
0.895451
0.896007
0.880021
0.890027
0.899429
0.890110
0.893674
0.885586
0.884630
0.868856
0.885529
0.867709
0.886881
0.889313
0.910579
0.856429
0.876409
0.852963
0.890777
0.875956
0.857807
0.883715
0.870203
0.870954
0.870260
0.867563
0.858229
0.879286
0.895270
0.874661
0.910144
0.872643
0.894519
0.863036
0.855310
0.861126
0.868749
0.876489
0.854321
0.843151
0.835716
0.843304
0.845933
0.833830
0.836556
0.876231
0.814558
0.860153
0.870088
0.863946
0.864502
0.869638
0.861809
0.879377
0.859989
0.879916
0.870568
