Specific Heat
0
1.503896553e-005
0.0001614510746
0.0001211470377
0.0001023574607
0.0002218054972
0.0001984167088
0.0002055570304
0.0002294307129
0.0002294226638
0.00024724114
0.0003370603237
0.0003122300071
0.0002999094729
0.0002927814707
0.0002977080107
0.0002943445142
0.0002862090596
0.0002775406831
0.0002791762912
0.000294804302
0.0002850374341
0.000293104968
0.0002822593291
0.0002765518839
0.0002683329214
0.0002587693585
0.0002505294643
0.0002441123431
0.0002667452135
0.0002671095378
0.0002676218809
0.0002609691831
0.0002537366534
0.0002504787575
0.0002483564654
0.0002416500543
0.000237774669
0.0002319068641
0.0002261279526
0.00022065963
0.0002241896801
0.0002222070291
0.0002268814161
0.0002314065441
0.0002272868932
0.0002254890234
0.0002245557893
0.0002219846971
0.0002180259331
0.0002144113427
0.0002182829332
0.0002161036472
0.0002199524716
0.0002162161516
0.0002127907653
0.0002095852137
0.0002176162202
0.0002149816855
0.0002157116665
0.0002161439915
0.0002127423305
0.0002093665316
0.0002074914114
0.0002049192049
0.0002018943531
0.0001989464571
0.0001963446576
0.0001936655108
0.0001994318101
0.0001970109869
0.0001943880759
0.0001944623193
0.0001946556907
0.0002071617493
0.0002056500311
0.0002069600842
0.0002043206778
0.0002017600476
0.0001997573672
0.0001979531362
0.0001972470311
0.0001976712433
0.0001993199433
0.0001972990999
0.0001951518275
0.0001932385875
0.0001961110495
0.0001940697131
0.0001955335425
0.0001935402058
0.000191493268
0.0001895571768
0.0001894487186
0.0001942007877
0.000195318263
0.0001936450725
0.000191776063
0.0001906048177
0.0001887833954
0.0001884478412
0.0001910909368
0.000199058038
0.00020123839
0.0002128883156
0.0002219668535
0.0002237684163
0.0002218571593
0.000219940922
0.0002179800276
0.0002160270538
0.0002149388573
0.0002131353279
0.0002121780399
0.000210629374
0.0002134524169
0.0002171993252
0.0002176722047
0.0002159082446
0.0002142791341
0.0002156275963
0.0002143407336
0.0002128658126
0.0002123152339
0.0002112300782
0.0002095674008
0.0002082111954
0.0002065993331
0.0002050142266
0.0002036528348
0.0002021358576
0.0002018666059
0.0002025804752
0.0002012381668
0.0002091140013
0.0002076718182
0.0002063059354
0.0002050738104
0.0002037091377
0.0002059116022
0.0002044701593
0.0002031491594
0.0002069151435
0.0002056809356
0.0002044643455
0.0002035395117
0.0002031341578
0.0002018038752
0.0002007356474
0.0002008738877
0.0002011486599
0.0002010776538
0.0002000078011
0.0001998384341
0.0001991916959
0.0001980165221
0.0001968053748
0.0001957254104
0.0001954538524
0.0001943874978
0.0001934507417
0.0001934384948
0.0001949786258
0.0001952354405
0.0001946909399
0.000194821314
0.0001938702689
0.0001930256618
0.000192162703
0.0001912276609
0.0001908437073
0.0001899919871
0.0001900196583
0.0001890490515
0.0001880332235
0.0001872218866
0.0001863672924
0.0001878343618
0.0001880003133
0.0001869573795
0.0001869580244
0.0001860827338
0.000185245148
0.0001853577434
0.000184431435
0.0001838531098
0.0001833615275
0.0001823873624
0.0001838415689
0.0001849034907
0.0001862130656
0.0001873304526
0.0001871843991
0.0001878816679
0.0001877879826
0.0001879990797
0.0001872518901
0.0001872577638
0.0001865291655
0.0001855985479
0.0001856891565
0.0001852913076
0.0001846202204
0.000184861982
0.0001841776007
0.0001841469861
0.0001882545942
0.0001895425343
0.0001888551731
0.0001883829134
0.0001874966865
0.0001867128827
0.0001862288791
0.0001869123569
0.0001861344589
0.0001907601925
0.000190576251
0.0001904265643
0.0001932095078
0.0001960229932
0.0001963721484
0.0001970840271
0.0001978932057
0.0001976889792
0.0002003148068
0.0002035202487
0.000210186498
0.000210821797
0.0002112866292
0.0002118702835
0.0002137217065
0.0002128611405
0.0002120098561
0.0002111611665
0.00021030092
0.000209704321
0.0002088748234
0.0002087603393
0.0002111067228
0.0002117095137
0.0002111965483
0.000211212221
0.0002103732941
0.0002109330743
0.0002101990335
0.0002114651985
0.0002106194471
0.0002100422947
0.0002097849964
0.000209180142
0.0002084334106
0.0002077416372
0.000208124053
0.0002074065651
0.0002066061532
0.0002060438365
0.0002054753794
0.0002054458999
0.0002090197733
0.000208327818
0.0002076061825
0.0002068291541
0.0002061226541
0.000205369096
0.0002049290792
0.000204178482
0.0002039027772
0.0002031509849
0.000202406927
0.0002021767838
0.0002017630467
0.0002014317223
0.0002008298168
0.0002008182008
0.0002028422519
0.0002021258767
0.0002017219887
0.0002015870225
0.0002019003439
0.0002031728894
0.0002031634052
0.0002026774701
0.0002021043412
0.0002025153028
0.0002019570652
0.0002019062252
0.0002032339422
0.0002025721829
0.0002021293168
0.0002015946298
0.0002026765997
0.0002022775968
0.0002016286062
0.0002011133298
0.0002007652773
0.000200148938
0.0001995351218
0.0001988892534
0.0001986981357
0.0001982193302
0.0001977512855
