Energy per particle (eV)
2.976640
0.399784
0.134072
0.034216
-0.002043
-0.016127
-0.021910
-0.024400
-0.025555
-0.026328
-0.026770
-0.026923
-0.027083
-0.027075
-0.027395
-0.027420
-0.027676
-0.027764
-0.027792
-0.027855
-0.027787
-0.027812
-0.027996
-0.027838
-0.027891
-0.027953
-0.028061
-0.028085
-0.028191
-0.028015
-0.028089
-0.028081
-0.028099
-0.028067
-0.028167
-0.028253
-0.028195
-0.028124
-0.028212
-0.028180
-0.028138
-0.027999
-0.028046
-0.028049
-0.028137
-0.028150
-0.028235
-0.028225
-0.028318
-0.028448
-0.028402
-0.028260
-0.028395
-0.028397
-0.028451
-0.028451
-0.028366
-0.028448
-0.028357
-0.028443
-0.028517
-0.028541
-0.028530
-0.028436
-0.028377
-0.028530
-0.028496
-0.028498
-0.028371
-0.028559
-0.028456
-0.028466
-0.028526
-0.028555
-0.028538
-0.028505
-0.028500
-0.028590
-0.028652
-0.028451
-0.028433
-0.028498
-0.028512
-0.028479
-0.028533
-0.028588
-0.028641
-0.028707
-0.028806
-0.028821
-0.028909
-0.029102
-0.028972
-0.029128
-0.029078
-0.029126
-0.029051
-0.029057
-0.029007
-0.029161
-0.029100
-0.029053
-0.029151
-0.029103
-0.029089
-0.029106
-0.029035
-0.029215
-0.029142
-0.029033
-0.029137
-0.029060
-0.029126
-0.029183
-0.029047
-0.029047
-0.029021
-0.029128
-0.028915
-0.029160
-0.029015
-0.029055
-0.028986
-0.029088
-0.029016
-0.029127
-0.029017
-0.028998
-0.028947
-0.029061
-0.028986
-0.029176
-0.028994
-0.029062
-0.029053
-0.029044
-0.029104
-0.029054
-0.029125
-0.029170
-0.029086
-0.029172
-0.029174
-0.029096
-0.029133
-0.029029
-0.029088
-0.029163
-0.029054
-0.029111
-0.029177
-0.029105
-0.029075
-0.029144
-0.029137
-0.029114
-0.029098
-0.029093
-0.029087
-0.029090
-0.029116
-0.029092
-0.028957
-0.029107
-0.029026
-0.029040
-0.028981
-0.029013
-0.029102
-0.028957
-0.029031
-0.029094
-0.029034
-0.029118
-0.029084
-0.029024
-0.029191
-0.029186
-0.029058
-0.029167
-0.029110
-0.029138
-0.029069
-0.029042
-0.029129
-0.028981
-0.029131
-0.029147
-0.029079
-0.029050
-0.029105
-0.029175
-0.029050
-0.029044
-0.029083
-0.029159
-0.029080
-0.029064
-0.029110
-0.029099
-0.029049
-0.029071
-0.029050
-0.029117
-0.029045
-0.029065
-0.029175
-0.029071
-0.029034
-0.029144
-0.028975
-0.029029
-0.029176
-0.029152
-0.029110
-0.029055
-0.029175
-0.029141
-0.029131
-0.029105
-0.029109
-0.029042
-0.029120
-0.029030
-0.028989
-0.029027
-0.029085
-0.029181
-0.029061
-0.029106
-0.029200
-0.029162
-0.029175
-0.029062
-0.029053
-0.029137
-0.029093
-0.029014
-0.029156
-0.029017
-0.029218
-0.029195
-0.029210
-0.029220
-0.029183
-0.029271
-0.029119
-0.029158
-0.029216
-0.029258
-0.029079
-0.029141
-0.029197
-0.029251
-0.029140
-0.029144
-0.029133
-0.029146
-0.029064
-0.029214
-0.029152
-0.029132
-0.029085
-0.029197
-0.029168
-0.029060
-0.029131
-0.029149
-0.029241
-0.029088
-0.029172
-0.029176
-0.029197
-0.029077
-0.029122
-0.029113
-0.028996
-0.029017
-0.029116
-0.029115
-0.029145
-0.029249
-0.029215
-0.029009
-0.029142
-0.029093
-0.029199
-0.029109
-0.029108
-0.029175
-0.029078
-0.029071
-0.029088
-0.029099
-0.029085
-0.029145
-0.029154
-0.029028
-0.029202
-0.029097
-0.029244
-0.029267
-0.029145
-0.029021
-0.029113
-0.029169
-0.029195
-0.029024
-0.029102
-0.029244
-0.029100
-0.029162
-0.029043
-0.029116
-0.029173
-0.029019
-0.029168
-0.029193
-0.029081
-0.029188
-0.029265
-0.029177
-0.029120
-0.029133
-0.029147
-0.028961
-0.029052
-0.029008
-0.029075
-0.029224
-0.029076
-0.029147
-0.029069
-0.029231
-0.029149
-0.029045
-0.029122
-0.029068
-0.029113
-0.029216
-0.029044
-0.029123
-0.029114
-0.029117
-0.029139
-0.029101
-0.029082
-0.029155
-0.029106
-0.029160
-0.029201
-0.029160
-0.029288
-0.029191
-0.029141
-0.029178
-0.029144
-0.029086
-0.029126
-0.029207
-0.029115
-0.029146
-0.029210
-0.029186
-0.029123
-0.029086
-0.029128
-0.029062
-0.029130
-0.029131
-0.029199
-0.029233
-0.029113
-0.029137
-0.029194
-0.029205
-0.029164
-0.029190
-0.029035
-0.029175
-0.029208
-0.029173
-0.029130
-0.029197
-0.029185
-0.029154
-0.029112
-0.029077
-0.029195
-0.029055
-0.029015
-0.029182
-0.029194
-0.029055
-0.029144
-0.029147
-0.029185
-0.029144
-0.029141
-0.029123
-0.029162
-0.029029
-0.029207
-0.029242
-0.029114
-0.029104
-0.029070
-0.029133
-0.029196
-0.029063
-0.029009
-0.029194
-0.029159
-0.029003
-0.029090
-0.029151
-0.029153
-0.029230
-0.029128
-0.029078
-0.029211
-0.029131
-0.029140
-0.029197
-0.029163
-0.029204
-0.029164
-0.029213
-0.029142
-0.029236
-0.029174
-0.029140
-0.029060
-0.029099
-0.029108
-0.029170
-0.028947
-0.029127
-0.029192
-0.029203
-0.029179
-0.029147
-0.029127
-0.029242
-0.029168
-0.029148
-0.029190
-0.029121
-0.029179
-0.029139
-0.029082
-0.029242
-0.029167
-0.029162
-0.029138
-0.029090
-0.029267
-0.029077
-0.029165
-0.029105
-0.029178
-0.029155
-0.028999
-0.029135
-0.029200
-0.029216
-0.029112
-0.029176
-0.029114
-0.029055
-0.029131
-0.029125
-0.029170
-0.029047
-0.029203
-0.029227
-0.029247
-0.029041
-0.029030
-0.029108
-0.029165
-0.029086
-0.029092
-0.029119
-0.029267
-0.029209
-0.029073
-0.029085
-0.029166
-0.029092
-0.029049
-0.029058
-0.029242
-0.029155
-0.029217
-0.029125
-0.029204
-0.029101
-0.029178
-0.029142
-0.029077
-0.029108
-0.029131
-0.029174
-0.029100
-0.029187
-0.029122
-0.029212
-0.028960
-0.029166
-0.029136
-0.029238
-0.029196
-0.029078
-0.029149
-0.029212
-0.029135
-0.029244
-0.029152
-0.029194
-0.029163
-0.029257
-0.029029
-0.029144
-0.029026
-0.029099
-0.029193
-0.029121
-0.029058
-0.029261
-0.029037
-0.029173
-0.029202
-0.029196
-0.029286
-0.029089
-0.029128
-0.029238
-0.029196
-0.029122
-0.029099
-0.029115
-0.029125
-0.029298
-0.029193
-0.029098
-0.029240
-0.029203
-0.029143
-0.029151
-0.029126
-0.029076
-0.029132
-0.029085
-0.029052
-0.029140
-0.029249
-0.029198
-0.029134
-0.029089
-0.029000
-0.029154
-0.029118
-0.029013
-0.029086
-0.029097
-0.029188
-0.028938
-0.029081
-0.029100
-0.029218
-0.029017
-0.029015
-0.029181
-0.029143
-0.029125
-0.029153
-0.029148
-0.029131
-0.029287
-0.029002
-0.029159
-0.029122
-0.029166
-0.029147
-0.029222
-0.029160
-0.029166
-0.029229
-0.029234
-0.029131
-0.029260
-0.029123
-0.029118
-0.029095
-0.029052
-0.029108
-0.029128
-0.029102
-0.029154
-0.029001
-0.029045
-0.029154
-0.029188
-0.029164
-0.029134
-0.029156
-0.029139
-0.029228
-0.029208
-0.029243
-0.029203
-0.029102
-0.029085
-0.029195
-0.028998
-0.029051
-0.029100
-0.029230
-0.029128
-0.029138
-0.029207
-0.029075
-0.029222
-0.029107
-0.029191
-0.029135
-0.029165
-0.029109
-0.029094
-0.029227
-0.029186
-0.029199
-0.029064
-0.029196
-0.029156
-0.029161
-0.029120
-0.029089
-0.029118
-0.029145
-0.029063
-0.029129
-0.029185
-0.029157
-0.029166
-0.029161
-0.029154
-0.029142
-0.029129
-0.029063
-0.029059
-0.029219
-0.029209
-0.029208
-0.029189
-0.029128
-0.029232
-0.029192
-0.029177
-0.029067
-0.029157
-0.029124
-0.029097
-0.029156
-0.029088
-0.029099
-0.029040
-0.029098
-0.029116
-0.029110
-0.029124
-0.029212
-0.029003
-0.029037
-0.029122
-0.029100
-0.029071
-0.029182
-0.029165
-0.029198
-0.029067
-0.029186
-0.029074
-0.029138
-0.029114
-0.029147
-0.029203
-0.028944
-0.029010
-0.029097
-0.029079
-0.029077
-0.029218
-0.029176
-0.029171
-0.029106
-0.029128
-0.029006
-0.029112
-0.029109
-0.029093
-0.029039
-0.029138
-0.029153
-0.029062
-0.028973
-0.029119
-0.029111
-0.029154
-0.029140
-0.029198
-0.029063
-0.029113
-0.029194
-0.029136
-0.029189
-0.029167
-0.029185
-0.029166
-0.029091
-0.029244
-0.029245
-0.029123
-0.029109
-0.029123
-0.029195
-0.029121
-0.029111
-0.029147
-0.029031
-0.029068
-0.029171
-0.029134
-0.029225
-0.029028
-0.029070
-0.029177
-0.029042
-0.029126
-0.029148
-0.029261
-0.029182
-0.029084
-0.029099
-0.029188
-0.029144
-0.029108
-0.029137
-0.029163
-0.029179
-0.029206
-0.029108
-0.029117
-0.029071
-0.029102
-0.029093
-0.029197
-0.029188
-0.029184
-0.029257
-0.029143
-0.029057
-0.029105
-0.029112
-0.029115
-0.029151
-0.029110
-0.029066
-0.029139
-0.029058
-0.029099
-0.029138
-0.029017
-0.029171
-0.029151
-0.029215
-0.029075
-0.029218
-0.029212
-0.029120
-0.029149
-0.029102
-0.029195
-0.029055
-0.029145
-0.029138
-0.029210
-0.029194
-0.029118
-0.029258
-0.029267
-0.029116
-0.029122
-0.029141
-0.029029
-0.028991
-0.029078
-0.029137
-0.029097
-0.029071
-0.029134
-0.029147
-0.029052
-0.029025
-0.029185
-0.029071
-0.029098
-0.029142
-0.029094
-0.029072
-0.029146
-0.029143
-0.029140
-0.029119
-0.029072
-0.029102
-0.029105
-0.029132
-0.029134
-0.029115
-0.029096
-0.029130
-0.029047
-0.029056
-0.028937
-0.029176
-0.029066
-0.029132
-0.029087
-0.029139
-0.029226
-0.029154
-0.029109
-0.029121
-0.029175
-0.029173
-0.029144
-0.029112
-0.029080
-0.029181
-0.029092
-0.029115
-0.029114
-0.029189
-0.029078
-0.029218
-0.029134
-0.029075
-0.028977
-0.029143
-0.029127
-0.028998
-0.029054
-0.029214
-0.029052
-0.029098
-0.028992
-0.029172
-0.029204
-0.029158
-0.029168
-0.029174
-0.029139
-0.029222
-0.029096
-0.029237
-0.029116
-0.029075
-0.029186
-0.029114
-0.029077
-0.029135
-0.029256
-0.029083
-0.029136
-0.029017
-0.029214
-0.029106
-0.029178
-0.029065
-0.029132
-0.029182
-0.029223
-0.029216
-0.029111
-0.029168
-0.029081
-0.029153
-0.029042
-0.029163
-0.029125
-0.029266
-0.029142
-0.029179
-0.029087
-0.029139
-0.029180
-0.029205
-0.029149
-0.029147
-0.029176
-0.029058
-0.029261
-0.029073
-0.029070
-0.029101
-0.029137
-0.029164
-0.029158
-0.029093
-0.029142
-0.029228
-0.029195
-0.029111
-0.029082
-0.029133
-0.029186
-0.029117
-0.029145
-0.029264
-0.029182
-0.029162
-0.029130
-0.029096
-0.029052
-0.029042
-0.029165
-0.029151
-0.029095
-0.029096
-0.029088
-0.029062
-0.029004
-0.029113
-0.029147
-0.029228
-0.029125
-0.029175
-0.029202
-0.029115
-0.029134
-0.029237
-0.029167
-0.029241
-0.029173
-0.029003
-0.029132
-0.029150
-0.029082
-0.029048
-0.029182
-0.029047
-0.029159
-0.029094
-0.029213
-0.029058
-0.029199
-0.029021
-0.029192
-0.029197
-0.029129
-0.029195
-0.029263
-0.029190
-0.029168
-0.029181
-0.029152
-0.029168
-0.029141
-0.029176
-0.029178
-0.029184
-0.029133
-0.028979
-0.029248
-0.029225
-0.029155
-0.028955
-0.029086
-0.028984
-0.029019
-0.029088
-0.029198
-0.029033
-0.029039
-0.029222
-0.029089
-0.029000
-0.029110
-0.029067
-0.029139
-0.029092
-0.029161
-0.029127
-0.029014
-0.029138
-0.029054
-0.028971
-0.029112
