Orientation Order Parameter
0.034917
0.060030
0.139598
0.208182
0.185809
0.262594
0.285902
0.318790
0.356349
0.382461
0.365854
0.399816
0.446753
0.499211
0.540738
0.587541
0.629204
0.637848
0.659387
0.685544
0.680388
0.673692
0.678077
0.666792
0.672583
0.676610
0.688656
0.682297
0.703807
0.691229
0.705473
0.696795
0.692771
0.681943
0.681600
0.716839
0.707061
0.694545
0.710111
0.733467
0.739512
0.727149
0.720014
0.707167
0.725107
0.726375
0.744302
0.743603
0.768124
0.790372
0.796099
0.792212
0.794308
0.799610
0.796673
0.794677
0.779070
0.794210
0.793523
0.790474
0.797751
0.808811
0.822765
0.818104
0.819777
0.823920
0.829429
0.826399
0.829736
0.828499
0.836701
0.829882
0.835574
0.838362
0.837498
0.851270
0.846589
0.830692
0.827707
0.845265
0.846756
0.844131
0.848133
0.848493
0.860776
0.859510
0.894180
0.896738
0.919868
0.926389
0.946518
0.964710
0.969449
0.973621
0.971577
0.969878
0.966084
0.969605
0.969962
0.979482
0.974923
0.971014
0.979157
0.973582
0.969239
0.972019
0.968241
0.978615
0.975767
0.969575
0.977885
0.971988
0.972175
0.973741
0.968457
0.971600
0.973515
0.976801
0.967307
0.973481
0.973184
0.969499
0.970298
0.973692
0.972063
0.975598
0.967154
0.971373
0.968540
0.972651
0.969102
0.975666
0.965331
0.971239
0.974906
0.969636
0.974323
0.970853
0.976220
0.978590
0.973957
0.975034
0.976610
0.968145
0.973980
0.972322
0.967525
0.973899
0.964987
0.976055
0.979120
0.976906
0.971061
0.975666
0.979374
0.977288
0.975209
0.972624
0.969060
0.974709
0.969218
0.968749
0.964407
0.972917
0.972995
0.971553
0.971769
0.966829
0.968202
0.970490
0.968222
0.973229
0.970857
0.970820
0.975718
0.969422
0.973918
0.975069
0.969160
0.969506
0.974603
0.972228
0.972685
0.969866
0.973723
0.972710
0.974414
0.972238
0.975876
0.971398
0.973827
0.971449
0.971988
0.964713
0.973030
0.976703
0.973080
0.974263
0.976629
0.973998
0.967952
0.970862
0.973516
0.976006
0.971101
0.975436
0.976196
0.973026
0.970373
0.975892
0.971274
0.964011
0.972867
0.977361
0.972877
0.972994
0.977422
0.974236
0.975945
0.974765
0.973664
0.970760
0.975356
0.969158
0.971591
0.969227
0.973566
0.974633
0.970979
0.976693
0.974991
0.977145
0.975907
0.975027
0.973353
0.969994
0.969846
0.967001
0.961181
0.959681
0.974012
0.973596
0.975384
0.977469
0.977252
0.976697
0.973024
0.971956
0.972455
0.977410
0.974251
0.970135
0.969482
0.972182
0.974187
0.969112
0.972040
0.970550
0.972853
0.973079
0.971207
0.970459
0.972446
0.976328
0.977061
0.970559
0.972660
0.976192
0.971241
0.972795
0.976133
0.974816
0.974928
0.973038
0.971553
0.967788
0.968425
0.966972
0.971492
0.968988
0.972639
0.975122
0.976988
0.971744
0.975899
0.975650
0.978118
0.975809
0.971183
0.972358
0.972324
0.969419
0.971234
0.968059
0.969364
0.965160
0.967131
0.966124
0.973813
0.969285
0.981226
0.974777
0.970894
0.971677
0.973037
0.973189
0.977060
0.972693
0.970788
0.976401
0.971624
0.976111
0.969535
0.973291
0.973043
0.966906
0.971785
0.972437
0.970657
0.975439
0.978358
0.973026
0.973724
0.976992
0.973458
0.966950
0.968793
0.965959
0.968352
0.972271
0.970366
0.974566
0.973056
0.976009
0.973602
0.970602
0.973363
0.973051
0.971983
0.968168
0.964422
0.964452
0.973401
0.977035
0.975607
0.973156
0.973316
0.961398
0.961805
0.968450
0.975313
0.977878
0.976583
0.974717
0.972324
0.972199
0.974213
0.966261
0.974100
0.974474
0.968650
0.974537
0.972141
0.975699
0.971408
0.969166
0.972060
0.966438
0.971392
0.975333
0.977642
0.976553
0.967985
0.970079
0.973785
0.974340
0.974534
0.976645
0.969864
0.978532
0.974684
0.973487
0.973434
0.971478
0.971517
0.973621
0.970323
0.968668
0.973718
0.968298
0.968710
0.975014
0.972904
0.972428
0.975976
0.973443
0.971648
0.971060
0.971554
0.968388
0.974416
0.969015
0.973878
0.976415
0.974807
0.972255
0.969473
0.971317
0.976379
0.974011
0.969581
0.975344
0.976989
0.967327
0.967655
0.971143
0.974037
0.976676
0.968680
0.967775
0.976799
0.976790
0.974377
0.975534
0.975503
0.974080
0.975123
0.976680
0.972824
0.974537
0.974996
0.972794
0.967937
0.971640
0.968815
0.974927
0.971722
0.973599
0.974590
0.975115
0.975521
0.972368
0.975318
0.973806
0.975351
0.969819
0.974325
0.969772
0.978336
0.975962
0.973606
0.976080
0.975362
0.975361
0.974520
0.970549
0.977167
0.972007
0.972558
0.972942
0.978446
0.975473
0.966155
0.973794
0.975764
0.977656
0.973194
0.973475
0.972749
0.969074
0.968972
0.971173
0.971627
0.969118
0.975284
0.976583
0.978423
0.974441
0.968652
0.973211
0.976479
0.970809
0.971680
0.972709
0.976836
0.977019
0.969725
0.970954
0.973921
0.965842
0.967520
0.963410
0.980439
0.977841
0.974012
0.975412
0.975181
0.972009
0.975061
0.977087
0.967000
0.968420
0.971615
0.977752
0.972510
0.972800
0.971196
0.971222
0.966480
0.971990
0.964482
0.975499
0.974926
0.970707
0.974123
0.975559
0.975471
0.978057
0.973143
0.972861
0.969708
0.977432
0.971674
0.974900
0.967767
0.966644
0.976143
0.974032
0.965873
0.978130
0.973639
0.976397
0.974176
0.968359
0.981013
0.970422
0.975250
0.977021
0.976428
0.973552
0.971865
0.974599
0.969079
0.977389
0.975000
0.973047
0.978041
0.973111
0.968498
0.972356
0.976484
0.969749
0.972486
0.970706
0.971337
0.971897
0.977208
0.968932
0.972144
0.971898
0.966051
0.972613
0.971514
0.972740
0.968553
0.966545
0.977460
0.964161
0.974678
0.974656
0.976892
0.965468
0.966544
0.971178
0.973406
0.973217
0.976707
0.975510
0.972545
0.978773
0.965742
0.970918
0.974183
0.974649
0.968751
0.971678
0.970422
0.971808
0.975533
0.977620
0.970867
0.975878
0.972118
0.974123
0.973306
0.974082
0.972285
0.971867
0.976021
0.972429
0.967267
0.974729
0.971076
0.971394
0.973909
0.968596
0.971581
0.973792
0.973939
0.977680
0.978294
0.973425
0.972731
0.977240
0.971622
0.965691
0.974507
0.972128
0.972613
0.975670
0.974575
0.966648
0.960778
0.965694
0.965316
0.977832
0.969528
0.970150
0.966474
0.962781
0.978269
0.974688
0.978183
0.970346
0.977014
0.973050
0.970181
0.970815
0.971047
0.970442
0.972840
0.972543
0.976067
0.973520
0.973570
0.973481
0.970893
0.974358
0.972477
0.973289
0.971312
0.970906
0.980748
0.969589
0.977450
0.975753
0.973573
0.979569
0.975474
0.972085
0.970575
0.975741
0.973663
0.973868
0.973969
0.971137
0.975326
0.972620
0.974443
0.970323
0.972609
0.972919
0.978222
0.971933
0.968878
0.973533
0.975295
0.971337
0.971861
0.972567
0.972107
0.969044
0.977146
0.969947
0.972089
0.970608
0.973718
0.974266
0.967507
0.964634
0.970768
0.972013
0.970069
0.974481
0.967063
0.973475
0.972759
0.975197
0.970675
0.975258
0.969345
0.968459
0.966771
0.971837
0.973557
0.970939
0.964382
0.967704
0.973017
0.976013
0.971723
0.976342
0.971890
0.975058
0.972708
0.972137
0.976155
0.975985
0.972176
0.971104
0.973508
0.977208
0.974997
0.967971
0.974407
0.971593
0.973240
0.974055
0.974426
0.975415
0.972292
0.966485
0.971568
0.973157
0.974372
0.973859
0.968968
0.972425
0.968435
0.976050
0.971766
0.980485
0.975989
0.973313
0.973658
0.976968
0.970860
0.973621
0.972404
0.973844
0.974712
0.976267
0.969102
0.974590
0.973160
0.969356
0.969887
0.974710
0.973937
0.975269
0.981202
0.973685
0.969490
0.969825
0.974329
0.972585
0.970696
0.969965
0.969087
0.972031
0.969563
0.968354
0.974629
0.969592
0.974765
0.970316
0.974994
0.973531
0.974844
0.975569
0.971740
0.975713
0.971120
0.975826
0.971190
0.970579
0.972786
0.974850
0.973550
0.977211
0.974411
0.974786
0.973968
0.977474
0.975196
0.971262
0.974110
0.965804
0.975609
0.968075
0.967459
0.976287
0.974560
0.966783
0.967988
0.976009
0.967731
0.965830
0.974360
0.973908
0.970801
0.974108
0.971243
0.971055
0.976139
0.973514
0.973116
0.968710
0.972275
0.971368
0.968422
0.969433
0.977123
0.967545
0.963757
0.963588
0.972555
0.965372
0.970740
0.966473
0.969992
0.975642
0.974326
0.974516
0.974353
0.975571
0.977425
0.973577
0.971557
0.975465
0.968446
0.973549
0.973816
0.973237
0.972705
0.971507
0.971324
0.972839
0.971582
0.968237
0.970819
0.972269
0.969140
0.966051
0.975093
0.973063
0.972800
0.972946
0.977003
0.976007
0.970594
0.977276
0.975980
0.973274
0.977292
0.974504
0.977575
0.973249
0.969648
0.975429
0.968036
0.968863
0.972352
0.975287
0.973098
0.971623
0.970414
0.976555
0.970504
0.977960
0.968930
0.969137
0.975599
0.975703
0.975749
0.969580
0.971762
0.972937
0.970584
0.969564
0.972809
0.971481
0.976746
0.971382
0.968103
0.974790
0.969843
0.977263
0.978014
0.975436
0.975735
0.978093
0.969609
0.976869
0.968365
0.972083
0.974189
0.969769
0.973405
0.975950
0.972512
0.972404
0.979070
0.973090
0.972491
0.971402
0.969626
0.975273
0.971787
0.971216
0.976585
0.973796
0.976121
0.972217
0.972399
0.972420
0.969743
0.973884
0.976411
0.972500
0.973787
0.974211
0.968936
0.968612
0.969615
0.973763
0.977632
0.974815
0.975304
0.975163
0.974584
0.970583
0.973594
0.973258
0.973605
0.973839
0.970372
0.966049
0.972376
0.970338
0.968321
0.975540
0.969584
0.971209
0.968720
0.973216
0.967907
0.975930
0.969813
0.975667
0.976902
0.974604
0.974430
0.979100
0.973167
0.970512
0.977130
0.970277
0.972235
0.973311
0.974866
0.972488
0.976967
0.972951
0.962896
0.974304
0.974408
0.973836
0.962155
0.970904
0.967585
0.967771
0.967782
0.973914
0.968320
0.967797
0.974200
0.969395
0.964652
0.975431
0.975645
0.972801
0.973328
0.972171
0.973496
0.969557
0.978097
0.974292
0.971621
0.972012
