Specific Heat
0
7.310850504e-008
1.617267283e-006
2.017611699e-005
2.55049423e-005
3.106036769e-005
3.248900734e-005
6.9582144e-005
6.446759824e-005
5.903053394e-005
6.14286819e-005
5.969611918e-005
7.091174849e-005
6.887381305e-005
6.438080496e-005
7.110461097e-005
6.776684603e-005
7.11369897e-005
7.03721226e-005
7.159833174e-005
7.02081102e-005
6.812563455e-005
7.918421989e-005
8.851619801e-005
8.507551233e-005
8.227772752e-005
7.929755565e-005
7.973877263e-005
7.71241289e-005
7.492511939e-005
7.265767632e-005
7.772011216e-005
7.797858456e-005
7.688715296e-005
7.470297514e-005
7.831205529e-005
8.28475602e-005
8.274934435e-005
8.201742126e-005
8.420666283e-005
8.215308991e-005
8.044344853e-005
8.801054185e-005
8.739174991e-005
8.656500035e-005
8.517035868e-005
8.49909536e-005
8.329615632e-005
8.183648891e-005
8.021543501e-005
7.91109021e-005
7.85968733e-005
7.943233171e-005
7.82490517e-005
7.693290577e-005
7.712218624e-005
7.612423229e-005
7.537982741e-005
7.581116762e-005
7.576334102e-005
7.551301215e-005
7.989783085e-005
7.864668137e-005
7.960564343e-005
7.867741708e-005
7.7648169e-005
7.660914248e-005
7.558733928e-005
7.468647908e-005
7.509051942e-005
7.40466274e-005
7.48069107e-005
7.41043101e-005
7.311691294e-005
7.614398654e-005
7.566977482e-005
7.481898321e-005
7.593852348e-005
7.590913377e-005
7.714568255e-005
7.801663016e-005
7.710859856e-005
7.625094754e-005
7.559780773e-005
7.576914103e-005
7.652912367e-005
7.569281386e-005
7.484129763e-005
7.556256998e-005
7.565795009e-005
7.489279015e-005
7.790410226e-005
8.133446994e-005
8.057655333e-005
7.978059743e-005
7.895392018e-005
8.087729145e-005
8.491740798e-005
8.477020836e-005
8.392626647e-005
8.339097917e-005
8.342773804e-005
8.261833527e-005
8.186853526e-005
8.249742392e-005
8.41998618e-005
8.405138969e-005
8.405021385e-005
8.349958752e-005
8.276907951e-005
8.229988776e-005
8.225684904e-005
8.158269689e-005
8.090053036e-005
8.021910974e-005
7.954945281e-005
7.952556005e-005
7.899302863e-005
7.844018731e-005
7.778867373e-005
7.715086776e-005
7.655521905e-005
7.613439911e-005
7.552066663e-005
7.613430836e-005
7.648189909e-005
8.243337768e-005
8.223990609e-005
8.22528638e-005
8.162582672e-005
8.126242626e-005
8.067909955e-005
8.180011424e-005
8.131638478e-005
8.077018858e-005
8.0180576e-005
7.999671508e-005
7.976515017e-005
7.923553433e-005
7.870742306e-005
7.851629193e-005
7.843570772e-005
7.80816261e-005
7.756117491e-005
7.705320941e-005
7.712628376e-005
7.69753247e-005
7.775783305e-005
7.724204642e-005
7.715570391e-005
8.008446658e-005
7.960171129e-005
7.908154879e-005
8.10354036e-005
8.128223258e-005
8.193948828e-005
8.220927653e-005
8.179427551e-005
8.383687634e-005
8.364535768e-005
8.403795641e-005
8.367619186e-005
8.342699938e-005
8.324441043e-005
8.276593206e-005
8.354492271e-005
8.317134572e-005
8.437427596e-005
8.389245536e-005
8.376335975e-005
8.375215356e-005
8.328782244e-005
8.31420264e-005
8.267339781e-005
8.44024636e-005
8.41833165e-005
8.37193835e-005
8.482851022e-005
8.534352029e-005
8.492315597e-005
8.479140461e-005
8.481349122e-005
8.435356324e-005
8.428367025e-005
8.498045131e-005
8.549080858e-005
8.506796177e-005
8.481659803e-005
8.463665043e-005
8.426879713e-005
8.471375875e-005
8.441906205e-005
8.398288611e-005
8.582899075e-005
8.541047479e-005
8.527887713e-005
8.504937506e-005
8.463125476e-005
8.451427668e-005
8.476753367e-005
8.439101598e-005
8.400974724e-005
8.384386053e-005
8.400832963e-005
8.554145906e-005
8.549496808e-005
8.548483583e-005
8.516636325e-005
8.476556644e-005
8.449341802e-005
8.417888854e-005
8.392852574e-005
8.355130357e-005
8.419949747e-005
8.426774838e-005
8.39175162e-005
8.377317908e-005
8.339015106e-005
8.334358261e-005
8.298318091e-005
8.263004889e-005
8.412775221e-005
8.402531956e-005
8.375153253e-005
8.337946113e-005
8.313944599e-005
8.341446601e-005
8.384261091e-005
8.360045145e-005
8.327758398e-005
8.304274722e-005
8.280075229e-005
8.262566758e-005
8.272506609e-005
8.39335072e-005
8.360378134e-005
8.328203797e-005
8.387435824e-005
8.352597858e-005
8.337435878e-005
8.353081945e-005
8.320625131e-005
8.286536357e-005
8.360816735e-005
8.339553179e-005
8.420582398e-005
8.403086553e-005
8.522345108e-005
8.48813101e-005
8.457533895e-005
8.446070539e-005
8.476014905e-005
8.467319093e-005
8.498151596e-005
8.47231133e-005
8.450910854e-005
8.479908675e-005
8.493723248e-005
8.503528358e-005
8.5775042e-005
8.5785713e-005
8.585562652e-005
8.552933753e-005
8.556480436e-005
8.675633548e-005
8.672476231e-005
8.651438232e-005
8.640450587e-005
8.611959786e-005
8.591368038e-005
8.560287858e-005
8.544968817e-005
8.531236456e-005
8.522302426e-005
8.491312237e-005
8.657419357e-005
8.737991595e-005
8.777571335e-005
8.750246583e-005
8.979422704e-005
8.965121998e-005
9.113260894e-005
9.184708819e-005
9.167637104e-005
9.172155935e-005
9.217793052e-005
9.253229702e-005
9.288299796e-005
9.270466089e-005
9.374528243e-005
9.345643805e-005
9.345488806e-005
9.314281976e-005
9.29417025e-005
9.270255784e-005
9.239021935e-005
9.312141535e-005
9.281500301e-005
9.294556087e-005
9.457114018e-005
9.427807507e-005
