Energy per particle (eV)
-0.022649
-0.022839
-0.022205
-0.022363
-0.022392
-0.022065
-0.021822
-0.021931
-0.021565
-0.021357
-0.021024
-0.020965
-0.020604
-0.020514
-0.020052
-0.020393
-0.019982
-0.019666
-0.019337
-0.020245
-0.019984
-0.019981
-0.020328
-0.019823
-0.019888
-0.019580
-0.019428
-0.019205
-0.019294
-0.018990
-0.018893
-0.019254
-0.019013
-0.019045
-0.019079
-0.018978
-0.018854
-0.019160
-0.018407
-0.018545
-0.018481
-0.018034
-0.018279
-0.018286
-0.018230
-0.018941
-0.018491
-0.018770
-0.019388
-0.019043
-0.018558
-0.018864
-0.019051
-0.019046
-0.018343
-0.018494
-0.018425
-0.018383
-0.018302
-0.017834
-0.017837
-0.017920
-0.017656
-0.017547
-0.018010
-0.018443
-0.018377
-0.018295
-0.018313
-0.018462
-0.018194
-0.018153
-0.018670
-0.018590
-0.018054
-0.018593
-0.018347
-0.018323
-0.017632
-0.018434
-0.018176
-0.018186
-0.018572
-0.018560
-0.018652
-0.019087
-0.019074
-0.018679
-0.019145
-0.018503
-0.018073
-0.018405
-0.017994
-0.018305
-0.018506
-0.018553
-0.018147
-0.018291
-0.018372
-0.018273
-0.018488
-0.017761
-0.018307
-0.018237
-0.017799
-0.017858
-0.018392
-0.017589
-0.017446
-0.017745
-0.017860
-0.018201
-0.018000
-0.017636
-0.018099
-0.018167
-0.018133
-0.018179
-0.018529
-0.018570
-0.017683
-0.017504
-0.017770
-0.017632
-0.017744
-0.018234
-0.018029
-0.018320
-0.017942
-0.017712
-0.017806
-0.017850
-0.017923
-0.017542
-0.018214
-0.018222
-0.017752
-0.018506
-0.018608
-0.018080
-0.017873
-0.018310
-0.017429
-0.017207
-0.017512
-0.017895
-0.017621
-0.017916
-0.017757
-0.017549
-0.017138
-0.017170
-0.017349
-0.017226
-0.017192
-0.017443
-0.017841
-0.017908
-0.017784
-0.017865
-0.018422
-0.018562
-0.018381
-0.017858
-0.017965
-0.018291
-0.018205
-0.018320
-0.018340
-0.018082
-0.018276
-0.018295
-0.017732
-0.017638
-0.017518
-0.017933
-0.017951
-0.018019
-0.017973
-0.017681
-0.018037
-0.018320
-0.018029
-0.018289
-0.018486
-0.018340
-0.018145
-0.017025
-0.017689
-0.018294
-0.017995
-0.017889
-0.018145
-0.018267
-0.018348
-0.018670
-0.018204
-0.018606
-0.018097
-0.017962
-0.018228
-0.018389
-0.017864
-0.017451
-0.017973
-0.017589
-0.017384
-0.017849
-0.017390
-0.017747
-0.017714
-0.017751
-0.017572
-0.017360
-0.017171
-0.017060
-0.017266
-0.018054
-0.017854
-0.017742
-0.017561
-0.017707
-0.017634
-0.017729
-0.017489
-0.017736
-0.017597
-0.017227
-0.017554
-0.017575
-0.017495
-0.017869
-0.018069
-0.017895
-0.018232
-0.017492
-0.017792
-0.018175
-0.017606
-0.017524
-0.017394
-0.017209
-0.017201
-0.017672
-0.016854
-0.017082
-0.016844
-0.017107
-0.017060
-0.017308
-0.017603
-0.017319
-0.017017
-0.016829
-0.016929
-0.017267
-0.017799
-0.018105
-0.016935
-0.017491
-0.017189
-0.017853
-0.017550
-0.017208
-0.017309
-0.017327
-0.017477
-0.016823
-0.017198
-0.017782
-0.017449
-0.017500
-0.017470
-0.017534
-0.017543
-0.018281
-0.017935
-0.017573
-0.017450
-0.017378
-0.017573
-0.017516
-0.017689
-0.017807
-0.018197
-0.016989
-0.017818
-0.017933
-0.017303
-0.016948
-0.017243
-0.017193
-0.016664
-0.017083
-0.017250
-0.017293
-0.017163
-0.017186
-0.017511
-0.016890
-0.016818
-0.016703
-0.016957
-0.017163
-0.017161
-0.017248
-0.017379
-0.016920
-0.016780
-0.016944
-0.016971
-0.016592
-0.016235
-0.017074
-0.016349
-0.016861
-0.017331
-0.016736
-0.017098
-0.017145
-0.016849
-0.016457
-0.015755
-0.016223
-0.016633
-0.016026
-0.016035
-0.016910
-0.015560
-0.016116
-0.015986
-0.015970
-0.016592
-0.016233
-0.016477
-0.016599
-0.016250
-0.016793
-0.016253
-0.016796
-0.016566
-0.016939
-0.016799
-0.016888
-0.016895
-0.017368
-0.017136
-0.017177
-0.017405
-0.016942
-0.017128
-0.016498
-0.016936
-0.016514
-0.016411
-0.016743
-0.016264
-0.016865
-0.016635
-0.016456
-0.016509
-0.016302
-0.016235
-0.016242
-0.016691
-0.016341
-0.016116
-0.016108
-0.015857
-0.016114
-0.016060
-0.016295
-0.017027
-0.017115
-0.017540
-0.017234
-0.017065
-0.016370
-0.016235
-0.016495
-0.016451
-0.016678
-0.016504
-0.016382
-0.016666
-0.016682
-0.016560
-0.016086
-0.016393
-0.016015
-0.016356
-0.015890
-0.015934
-0.016816
-0.016222
-0.016566
-0.016616
-0.016461
-0.016783
-0.016330
-0.016360
-0.015844
-0.016411
-0.016803
-0.016157
-0.016539
-0.015809
-0.016214
-0.016313
-0.017065
-0.016921
-0.017687
-0.017138
-0.017257
-0.017394
-0.017033
-0.017120
-0.017091
-0.017242
-0.017006
-0.016712
-0.016600
-0.016381
-0.016609
-0.016307
-0.016398
-0.016577
-0.016487
-0.016432
-0.015841
-0.016361
-0.016283
-0.016290
-0.016135
-0.015839
-0.016130
-0.016559
-0.016634
-0.015911
-0.016056
-0.015477
-0.015168
-0.016100
-0.015660
-0.015736
-0.016214
-0.016426
-0.016366
-0.016498
-0.015794
-0.016270
-0.016305
-0.016339
-0.017063
-0.017032
-0.016746
-0.017443
-0.017739
-0.017667
-0.017501
-0.017091
-0.017435
-0.016566
-0.016888
-0.016645
-0.016593
-0.016811
-0.016851
-0.017139
-0.017498
-0.016754
-0.017594
-0.017749
-0.017103
-0.017677
-0.017257
-0.017284
-0.017591
-0.017629
-0.017296
-0.017447
-0.017653
-0.017655
-0.017470
-0.017404
-0.017524
-0.017980
-0.017841
-0.017695
-0.018030
-0.017974
-0.017621
-0.018127
-0.017757
-0.017340
-0.017500
-0.017701
-0.017217
-0.017554
-0.017211
-0.016962
-0.016828
-0.016600
-0.016832
-0.016328
-0.016263
-0.016571
-0.016548
-0.015875
-0.015855
-0.016186
-0.016357
-0.015989
-0.016381
-0.016642
-0.016794
-0.017582
-0.016876
-0.016651
-0.016996
-0.017171
-0.017339
-0.017460
-0.017840
-0.017058
-0.017498
-0.017516
-0.017272
-0.017125
-0.016959
-0.016545
-0.017527
-0.017508
-0.017197
-0.017077
-0.017179
-0.017444
-0.017151
-0.016962
-0.016676
-0.016561
-0.016407
-0.017523
-0.016994
-0.017406
-0.017187
-0.017169
-0.017497
-0.017439
-0.017636
-0.017550
-0.017358
-0.017605
-0.017526
-0.017897
-0.016466
-0.017472
-0.017104
-0.017148
-0.016954
-0.016693
-0.016335
-0.017122
-0.017057
-0.016953
-0.016796
-0.017579
-0.017035
-0.017525
-0.016936
-0.017670
-0.017362
-0.017580
-0.017386
-0.016974
-0.016642
-0.016602
-0.016452
-0.016680
-0.017222
-0.017099
-0.017338
-0.017320
-0.017151
-0.017417
-0.017401
-0.017309
-0.016945
-0.017221
-0.017461
-0.017366
-0.016358
-0.016073
-0.016386
-0.016305
-0.016521
-0.016841
-0.017036
-0.016858
-0.016781
-0.016629
-0.017372
-0.016900
-0.017318
-0.016843
-0.016990
-0.016708
-0.017009
-0.016811
-0.016319
-0.016401
-0.017045
-0.016875
-0.016904
-0.017643
-0.016945
-0.017151
-0.016681
-0.016849
-0.017325
-0.017088
-0.017033
-0.016776
-0.016777
-0.016660
-0.017065
-0.016553
-0.016748
-0.016595
-0.017035
-0.016912
-0.016425
-0.016524
-0.016304
-0.016472
-0.016864
-0.016649
-0.016474
-0.016392
-0.016060
-0.016211
-0.016429
-0.016092
-0.015606
-0.015821
-0.015898
-0.016184
-0.016164
-0.016249
-0.015927
-0.016556
-0.016593
-0.016519
-0.016389
-0.016296
-0.016253
-0.016565
-0.016425
-0.016264
-0.016597
-0.016056
-0.016374
-0.015818
-0.015960
-0.016212
-0.015663
-0.015890
-0.015974
-0.015935
-0.015668
-0.015392
-0.015403
-0.015271
-0.015482
-0.015352
-0.015595
-0.015379
-0.016215
-0.016230
-0.015288
-0.015724
-0.015714
-0.016273
-0.015835
-0.015278
-0.015662
-0.015966
-0.015802
-0.015729
-0.015751
-0.015840
-0.015332
-0.015482
-0.015437
-0.015299
-0.015777
-0.015579
-0.015913
-0.015535
-0.015628
-0.015890
-0.016160
-0.016258
-0.016237
-0.016145
-0.016319
-0.015941
-0.016410
-0.015880
-0.015541
-0.015903
-0.015459
-0.016083
-0.016505
-0.016566
-0.016927
-0.017088
-0.016452
-0.016454
-0.016566
-0.016458
-0.016955
-0.016174
-0.016288
-0.016359
-0.016407
-0.015884
-0.016080
-0.016299
-0.015998
-0.015983
-0.016537
-0.015732
-0.015749
-0.015193
-0.016008
-0.016133
-0.016497
-0.016423
-0.016774
-0.016045
-0.016507
-0.016770
-0.016948
-0.016388
-0.016315
-0.016165
-0.016166
-0.016961
-0.016606
-0.016093
-0.016218
-0.016494
-0.016717
-0.016017
-0.016187
-0.015977
-0.016231
-0.015761
-0.016238
-0.016590
-0.016470
-0.016345
-0.016623
-0.016080
-0.015828
-0.015839
-0.015960
-0.015611
-0.016372
-0.016442
-0.016760
-0.016244
-0.016149
-0.016327
-0.016327
-0.016267
-0.015763
-0.015491
-0.015891
-0.015886
-0.016182
-0.015749
-0.016139
-0.015713
-0.015892
-0.015805
-0.016172
-0.015883
-0.015943
-0.015699
-0.015510
-0.015227
-0.016277
-0.015993
-0.015858
-0.015673
-0.015815
-0.015726
-0.016068
-0.015380
-0.015427
-0.015419
-0.015756
-0.015880
-0.015746
-0.015841
-0.015890
-0.015598
-0.015500
-0.015513
-0.015774
-0.016217
-0.016141
-0.015934
-0.016804
-0.016300
-0.016120
-0.015758
-0.015562
-0.016216
-0.016087
-0.016861
-0.016904
-0.017094
-0.016739
-0.017211
-0.016960
-0.016591
-0.016167
-0.015851
-0.016339
-0.016435
-0.015790
-0.015998
-0.015836
-0.015496
-0.015891
-0.015764
-0.015589
-0.015885
-0.015816
-0.016320
-0.015880
-0.016111
-0.015987
-0.015833
-0.015945
-0.016345
-0.016574
-0.016629
-0.016448
-0.016330
-0.016085
-0.016333
-0.016679
-0.016717
-0.016115
-0.015755
-0.015490
-0.015191
-0.015664
-0.015738
-0.015132
-0.016095
-0.015408
-0.015360
-0.015329
-0.015614
-0.015820
-0.015724
-0.016273
-0.015754
-0.015775
-0.016293
-0.016125
-0.016231
-0.016571
-0.016583
-0.015881
-0.015920
-0.016184
-0.015749
-0.015372
-0.015643
-0.015219
-0.014737
-0.015351
-0.015254
-0.015005
-0.014859
-0.015174
-0.015566
-0.015295
-0.015023
-0.015217
-0.015084
-0.015504
-0.015408
-0.015009
-0.015117
-0.015664
-0.015280
-0.015190
-0.015323
-0.015072
-0.015243
-0.015126
-0.014733
-0.014873
-0.015119
-0.015251
-0.014808
-0.015023
-0.015036
-0.015595
-0.015289
-0.014789
-0.014916
-0.014467
-0.015682
-0.015110
-0.015452
-0.015360
-0.014664
-0.015212
-0.015256
-0.015551
-0.015567
-0.015680
-0.015797
-0.015946
-0.015448
-0.015546
-0.015621
-0.015559
-0.015241
-0.015362
-0.015266
-0.015662
-0.015726
-0.016254
-0.016079
-0.016269
-0.016205
-0.016233
-0.016206
-0.016441
-0.016436
-0.016092
-0.016341
-0.016269
-0.016352
-0.016421
-0.016223
-0.016114
-0.016182
-0.016357
-0.016546
-0.016350
-0.016199
-0.015872
-0.016146
-0.015621
-0.015195
-0.015035
-0.014980
-0.015520
-0.015558
-0.015792
-0.016207
-0.015859
-0.015902
-0.015656
-0.016071
-0.016116
-0.015929
-0.016130
-0.016168
-0.015582
-0.015786
-0.015708
-0.015821
-0.016352
-0.016765
-0.016487
-0.016228
-0.015870
-0.016302
-0.016595
-0.016221
-0.015990
-0.015699
-0.015768
-0.015697
-0.016151
-0.016261
-0.016016
-0.015582
-0.015755
