Orientation Order Parameter
0.603705
0.686258
0.635902
0.633711
0.627229
0.584166
0.527648
0.597341
0.498038
0.444169
0.476375
0.423713
0.306642
0.289004
0.231118
0.265388
0.283813
0.264601
0.303976
0.260119
0.362843
0.349550
0.375564
0.451341
0.387188
0.322826
0.419486
0.283013
0.249388
0.224711
0.162899
0.228886
0.207510
0.099516
0.200073
0.134381
0.140982
0.226111
0.039313
0.128326
0.175425
0.071246
0.099627
0.205756
0.213977
0.192162
0.201590
0.175653
0.238709
0.194552
0.204848
0.104765
0.135578
0.194499
0.083462
0.014979
0.061439
0.024343
0.080611
0.085930
0.194025
0.172660
0.188500
0.107234
0.069805
0.174094
0.122392
0.124127
0.175491
0.125797
0.142114
0.145423
0.244311
0.222486
0.216539
0.279242
0.203406
0.304206
0.227235
0.286180
0.208648
0.280818
0.244460
0.324084
0.323737
0.353787
0.332231
0.258597
0.273934
0.175775
0.167609
0.188879
0.234994
0.234637
0.199957
0.257973
0.274598
0.361902
0.271927
0.231320
0.233550
0.157011
0.154894
0.220697
0.187678
0.089753
0.243827
0.186678
0.186959
0.137277
0.061502
0.121607
0.186602
0.124394
0.133544
0.092511
0.015991
0.113685
0.208590
0.097774
0.201308
0.170567
0.217377
0.175198
0.185661
0.234425
0.279540
0.273510
0.247372
0.174346
0.118739
0.084378
0.191251
0.086053
0.101208
0.155757
0.112967
0.105422
0.074582
0.060369
0.103942
0.015814
0.079519
0.036533
0.038661
0.089891
0.216989
0.068720
0.067110
0.068481
0.025458
0.058090
0.067903
0.051195
0.072924
0.152740
0.056601
0.169477
0.138356
0.168833
0.154518
0.201949
0.129310
0.091797
0.111844
0.056962
0.006555
0.054313
0.008646
0.025802
0.127518
0.152345
0.135303
0.071647
0.087690
0.083348
0.058035
0.129488
0.132913
0.130583
0.231709
0.223222
0.073768
0.059518
0.106853
0.077958
0.179798
0.068229
0.108255
0.224899
0.214870
0.181470
0.156441
0.157185
0.203737
0.209950
0.254850
0.260341
0.127657
0.103059
0.148183
0.119678
0.116254
0.085214
0.142551
0.128341
0.147709
0.081985
0.036614
0.073844
0.048848
0.182855
0.026495
0.105291
0.168983
0.088296
0.098162
0.146538
0.214309
0.089115
0.076692
0.093752
0.143311
0.092906
0.147575
0.143456
0.042716
0.082814
0.135576
0.153347
0.134818
0.163589
0.017021
0.114047
0.151195
0.126062
0.112412
0.120802
0.114796
0.174677
0.129939
0.113213
0.075663
0.158310
0.114960
0.093917
0.111396
0.052905
0.104229
0.156098
0.090776
0.079467
0.147730
0.166595
0.204805
0.161697
0.253368
0.150118
0.124371
0.114088
0.084625
0.088263
0.130967
0.056107
0.183939
0.145475
0.066349
0.162310
0.085922
0.177946
0.153636
0.060960
0.065886
0.022360
0.112574
0.101135
0.155709
0.066079
0.109993
0.106429
0.121986
0.087288
0.020109
0.045836
0.061413
0.070167
0.225407
0.285379
0.259591
0.220852
0.053865
0.130002
0.202881
0.162848
0.157254
0.232141
0.272393
0.150129
0.113531
0.181017
0.115979
0.060663
0.046232
0.135395
0.121983
0.165815
0.140066
0.115932
0.189024
0.121864
0.046834
0.109743
0.088166
0.094417
0.106446
0.122321
0.141740
0.112477
0.112206
0.089830
0.107763
0.058129
0.116311
0.068741
0.102238
0.058359
0.021689
0.096031
0.092059
0.101966
0.107290
0.198673
0.183163
0.154711
0.077239
0.133495
0.214876
0.190647
0.148106
0.142153
0.119365
0.101698
0.024943
0.135551
0.118169
0.084891
0.104147
0.095004
0.073246
0.066230
0.130058
0.090472
0.054302
0.089398
0.046370
0.189955
0.159095
0.132273
0.079009
0.022110
0.070410
0.048040
0.071750
0.152059
0.015101
0.040158
0.106505
0.113948
0.127798
0.023743
0.072904
0.112093
0.106923
0.091418
0.128965
0.057383
0.070213
0.090933
0.138657
0.060630
0.041424
0.013946
0.057722
0.135437
0.083907
0.028283
0.011722
0.080910
0.070048
0.061300
0.071899
0.107461
0.083684
0.116837
0.111817
0.078164
0.080460
0.151482
0.050494
0.176051
0.150920
0.066011
0.150634
0.267408
0.193010
0.119990
0.111503
0.263228
0.119200
0.195511
0.175976
0.113374
0.031130
0.090580
0.050208
0.058607
0.129870
0.182148
0.115876
0.237788
0.143266
0.055650
0.102874
0.011249
0.006296
0.099863
0.089254
0.142282
0.100238
0.106058
0.079442
0.029293
0.153940
0.099348
0.174579
0.119399
0.121872
0.140916
0.109834
0.132868
0.163646
0.029934
0.121429
0.111813
0.015885
0.070102
0.112913
0.101380
0.014735
0.055970
0.029757
0.087545
0.114643
0.062243
0.139569
0.088462
0.110243
0.034977
0.056262
0.127305
0.113124
0.102151
0.086352
0.200905
0.153796
0.076915
0.078776
0.134914
0.171977
0.116398
0.198970
0.221083
0.160352
0.209155
0.165796
0.135302
0.108966
0.134930
0.177851
0.233017
0.272040
0.175754
0.220937
0.168394
0.215654
0.157528
0.255022
0.294034
0.294909
0.302814
0.236257
0.313354
0.315398
0.366179
0.267225
0.261097
0.207949
0.123638
0.193241
0.175974
0.099993
0.110937
0.231456
0.144110
0.144247
0.056394
0.154133
0.121987
0.167458
0.170926
0.160466
0.167441
0.199358
0.159238
0.172832
0.211679
0.139898
0.134020
0.182121
0.083644
0.262620
0.170699
0.112187
0.117210
0.019142
0.111980
0.058654
0.009069
0.072951
0.056173
0.042813
0.217234
0.184234
0.091634
0.220214
0.201127
0.234075
0.257236
0.207605
0.117007
0.080711
0.081302
0.076944
0.093360
0.048788
0.080406
0.175320
0.079832
0.097167
0.188781
0.165387
0.110600
0.094951
0.088479
0.052619
0.118553
0.051200
0.113067
0.080007
0.099719
0.135294
0.123068
0.139669
0.104111
0.134393
0.079973
0.075394
0.070445
0.092409
0.158022
0.215407
0.242376
0.160153
0.134266
0.245537
0.103724
0.140540
0.116314
0.103253
0.093534
0.072959
0.021332
0.099787
0.079794
0.107569
0.010087
0.118441
0.057781
0.037336
0.119537
0.070346
0.047857
0.126557
0.108170
0.049830
0.017599
0.036179
0.179731
0.214009
0.189347
0.239616
0.182114
0.127323
0.087612
0.144809
0.153131
0.112047
0.081021
0.086180
0.152793
0.031586
0.140363
0.039932
0.180524
0.172568
0.025643
0.236403
0.189713
0.176085
0.178917
0.214696
0.111439
0.147630
0.238712
0.136870
0.075382
0.036093
0.118450
0.136291
0.204018
0.181733
0.233209
0.173056
0.143563
0.085175
0.170606
0.065323
0.114565
0.074862
0.107115
0.134770
0.201896
0.132585
0.080147
0.059681
0.114222
0.199285
0.155210
0.163527
0.129472
0.142942
0.049856
0.035098
0.080143
0.149979
0.157008
0.245061
0.076722
0.184703
0.093913
0.091211
0.097392
0.070710
0.109208
0.034212
0.057546
0.102972
0.033113
0.051671
0.042808
0.045916
0.174259
0.075333
0.143467
0.045051
0.088738
0.227183
0.236606
0.153060
0.131446
0.245951
0.140363
0.193015
0.075832
0.019573
0.062772
0.143478
0.130963
0.107046
0.115486
0.233699
0.137513
0.135526
0.081545
0.087376
0.116268
0.070050
0.033357
0.055538
0.153661
0.190393
0.200031
0.255162
0.102824
0.040626
0.016447
0.158170
0.144076
0.019525
0.063175
0.108847
0.111225
0.122326
0.092435
0.134833
0.031766
0.107546
0.076116
0.131370
0.019409
0.096319
0.101638
0.058663
0.028167
0.150355
0.163048
0.052457
0.071125
0.223125
0.257645
0.187975
0.211529
0.202983
0.263001
0.045615
0.061594
0.094866
0.091807
0.169212
0.097063
0.048334
0.078668
0.192393
0.175413
0.175344
0.025654
0.063892
0.122975
0.106147
0.244755
0.225963
0.255934
0.276875
0.278627
0.174574
0.211350
0.196272
0.138623
0.228998
0.165427
0.177475
0.186755
0.218463
0.111777
0.127851
0.138598
0.122511
0.040185
0.037118
0.098401
0.017972
0.118488
0.122662
0.043227
0.095501
0.117907
0.149599
0.246627
0.187442
0.193932
0.313328
0.197331
0.249421
0.228186
0.135704
0.181460
0.228717
0.184845
0.214221
0.117661
0.146600
0.156432
0.188093
0.125345
0.172927
0.105683
0.133086
0.091104
0.106232
0.097546
0.090177
0.117095
0.151642
0.149737
0.086922
0.134380
0.089051
0.023792
0.079770
0.161478
0.095395
0.177505
0.201909
0.134830
0.187645
0.245923
0.183905
0.199413
0.163679
0.123781
0.134661
0.110651
0.091275
0.032726
0.209532
0.266109
0.279011
0.269881
0.171468
0.191231
0.075517
0.091795
0.172582
0.105904
0.131599
0.018950
0.046230
0.117760
0.040781
0.069152
0.145611
0.039213
0.051347
0.066838
0.071320
0.141133
0.225229
0.137589
0.212879
0.104234
0.172294
0.135906
0.148555
0.147555
0.133105
0.106442
0.044421
0.127680
0.050015
0.046614
0.085295
0.108061
0.107654
0.094884
0.098868
0.067632
0.051902
0.025929
0.065954
0.035754
0.092696
0.108540
0.091541
0.055734
0.122478
0.108221
0.102354
0.034372
0.059424
0.019872
0.027386
0.094588
0.079661
0.031078
0.095549
0.075864
0.096562
0.189372
0.133518
0.127921
0.176320
0.112444
0.084940
0.200079
0.076868
0.167485
0.137018
0.050540
0.145272
0.063057
0.155988
0.033528
0.047438
0.161982
0.180254
0.207759
0.088138
0.138981
0.041996
0.118699
0.107582
0.044956
0.066151
0.151211
0.095116
0.226828
0.078856
0.074581
0.091408
0.061227
0.100471
0.071869
0.069429
0.064644
0.139341
0.051625
0.093094
0.048969
0.099248
0.100497
0.070244
0.062804
0.091501
0.094626
0.183221
0.216282
0.212786
0.248893
0.221219
0.029655
0.085664
0.104226
0.189211
0.207379
0.154834
0.114807
0.032675
0.068032
0.056097
0.041221
0.101583
0.110910
0.142471
0.096382
0.176740
0.038622
0.187851
0.198469
0.227889
0.097881
0.054564
0.097442
0.126679
0.063319
0.138847
0.155997
0.093353
0.031226
0.063951
0.123504
0.176968
0.094310
0.108757
0.203175
0.153638
0.146151
0.077665
0.192727
0.135258
0.072835
0.020869
0.002927
0.154552
0.162171
0.119955
0.184108
0.161171
0.109441
0.038342
0.115988
0.042003
0.135439
0.096994
0.229422
0.197691
0.166182
0.119590
0.145426
0.184930
0.070624
