Specific Heat
0
1.583749136e-005
4.379201746e-005
5.611914898e-005
5.440836742e-005
4.689344868e-005
4.823353125e-005
4.44763193e-005
5.001655331e-005
4.944318272e-005
6.779499401e-005
6.343366243e-005
7.975816606e-005
7.467924325e-005
8.506545935e-005
9.571587865e-005
0.0001289089844
0.000168422585
0.0001634094393
0.0001585802021
0.0001569103996
0.0001522579034
0.0001664225927
0.0001597235439
0.0001533866945
0.0001478819447
0.0001431590997
0.0001426004952
0.0001385485757
0.0001340261665
0.0001314496042
0.0001291353915
0.000127819851
0.0001308290588
0.0001328756883
0.0001550690226
0.0001516043847
0.000147659838
0.0001462721667
0.0001439184557
0.000147974931
0.000144991198
0.0001436079999
0.0001468908889
0.0001543341171
0.0001514368078
0.0001483258126
0.0001453451135
0.0001424789029
0.0001491565777
0.0001484632568
0.0001460934962
0.0001433610357
0.0001416706368
0.0001425576365
0.0001410380702
0.0001386574492
0.000137548642
0.0001352280589
0.000136711605
0.0001344719401
0.0001340201749
0.0001325728676
0.0001306102049
0.0001304688917
0.000128963825
0.000129603643
0.0001300209132
0.0001292411467
0.0001326483906
0.0001310190924
0.0001297330251
0.0001313365422
0.0001295619016
0.0001279537538
0.0001263492925
0.0001247850124
0.0001231892623
0.0001243654643
0.0001292712537
0.0001289999981
0.000128741771
0.0001272102426
0.0001281601448
0.0001267197159
0.0001279632849
0.0001275704612
0.0001278096555
0.0001263835468
0.0001260227747
0.0001253026867
0.0001264152479
0.0001296412658
0.0001372005263
0.0001358602234
0.0001347596942
0.000134307855
0.0001352540481
0.0001350228339
0.0001354155689
0.0001341458958
0.0001382523367
0.0001415475598
0.0001448012558
0.0001446782525
0.0001438562338
0.0001437653318
0.0001431206647
0.0001422617282
0.0001432446108
0.0001450866294
0.0001467169567
0.0001463076787
0.0001451324835
0.0001438822114
0.0001428677325
0.0001455291275
0.0001445848783
0.0001433708233
0.0001431201603
0.0001441914313
0.0001431075535
0.0001419457866
0.0001450747143
0.000148579803
0.0001544088767
0.000155946518
0.000163175034
0.0001667625674
0.0001669033272
0.0001656323662
0.0001649863825
0.0001640092316
0.0001633639741
0.0001630269736
0.0001619737308
0.0001614295237
0.0001630431047
0.0001622691182
0.0001620181443
0.0001627974335
0.0001620347688
0.0001615243084
0.0001606481408
0.0001599261958
0.0001588319894
0.0001578695391
0.0001573271604
0.0001564625123
0.0001557309154
0.0001559504499
0.0001564700806
0.0001560662818
0.0001552930327
0.0001543038928
0.0001535554025
0.0001543344304
0.0001553310672
0.0001543577186
0.0001542457142
0.0001556882873
0.0001597805012
0.000160012128
0.0001598772803
0.0001643846383
0.0001633967339
0.0001651854858
0.0001673081129
0.0001696251745
0.0001699210271
0.0001693490023
0.0001691151309
0.0001683059932
0.000167961869
0.0001675410855
0.0001667986238
0.000165861385
0.0001650266037
0.0001652754184
0.0001655666456
0.0001648977194
0.0001641547497
0.0001632944691
0.0001630202802
0.0001647623421
0.0001648795508
0.0001677469393
0.0001757836387
0.0001774387895
0.0001797772876
0.0001843206095
0.0001903558961
0.0001931140708
0.0001932531544
0.0001949694542
0.0001989186475
0.0002011013155
0.0002043338693
0.000204608568
0.0002053763276
0.000209123511
0.0002118355555
0.0002113638238
0.0002127844808
0.0002147928704
0.0002158615509
0.0002187052659
0.0002202049966
0.0002225041731
0.0002284315228
0.000232782897
0.0002349316301
0.0002361176749
0.0002408827484
0.0002436066167
0.0002461633771
0.0002455969421
0.0002463687501
0.0002509844818
0.0002543376013
0.0002623213586
0.0002614148977
0.0002630838218
0.0002628658917
0.0002630387331
0.0002684152726
0.0002692958876
0.0002699033452
0.0002692662778
0.0002685859352
0.000267642583
0.0002665430787
0.0002654034484
0.0002651231204
0.0002645192608
0.0002637247239
0.0002630873602
0.000263701826
0.0002637327824
0.0002641907441
0.0002633097075
0.0002623348029
0.000261738943
0.0002607895481
0.0002602405507
0.0002595310033
0.0002588896317
0.0002581861279
0.000258215893
0.0002582169806
0.0002573120732
0.0002569722993
0.0002564231327
0.0002561158574
0.0002560396172
0.0002553787364
0.0002545229918
0.0002537859837
0.0002534878519
0.000253902838
0.000253572441
0.0002528684752
0.0002519174581
0.0002511328209
0.0002505118575
0.000251427174
0.0002532188893
0.000255321784
0.000254912991
0.0002544054758
0.0002535171301
0.0002528798609
0.0002519638782
0.0002510447849
0.0002503555389
0.0002495326915
0.000248768998
0.0002478748366
0.0002471410103
0.0002464693466
0.000245960521
0.0002451423894
0.0002444157346
0.0002435833234
0.0002433523457
0.0002448393591
0.0002450320152
0.0002444863551
0.0002436487858
0.0002432723206
0.0002438781574
0.0002433224679
0.0002425052601
0.0002418424674
0.0002410997783
0.0002404471573
0.0002397985865
0.000239346755
0.0002385718136
0.0002381399168
0.0002374372507
