Energy per particle (eV)
-0.015207
-0.015340
-0.014616
-0.014737
-0.014991
-0.015242
-0.014994
-0.015017
-0.015063
-0.015034
-0.014607
-0.014889
-0.014842
-0.013983
-0.014821
-0.014493
-0.014312
-0.014173
-0.014245
-0.013046
-0.013348
-0.013726
-0.013175
-0.013448
-0.013295
-0.013024
-0.012869
-0.012541
-0.012400
-0.012424
-0.012016
-0.012223
-0.012736
-0.012629
-0.012721
-0.012417
-0.012136
-0.012915
-0.012105
-0.012409
-0.012763
-0.012205
-0.012889
-0.013075
-0.012499
-0.012652
-0.012357
-0.012304
-0.012581
-0.012390
-0.012475
-0.013078
-0.012278
-0.012743
-0.012467
-0.013025
-0.013220
-0.012443
-0.012539
-0.012612
-0.012184
-0.012248
-0.012256
-0.012205
-0.012286
-0.011934
-0.012021
-0.011736
-0.011565
-0.011622
-0.011957
-0.011644
-0.010904
-0.011833
-0.011434
-0.012041
-0.011548
-0.012025
-0.012484
-0.012679
-0.011724
-0.011570
-0.012134
-0.012297
-0.011805
-0.011949
-0.012009
-0.011948
-0.012105
-0.011840
-0.012194
-0.012025
-0.011786
-0.012189
-0.012024
-0.011739
-0.011410
-0.011568
-0.011756
-0.011557
-0.011834
-0.011594
-0.011928
-0.012039
-0.011769
-0.011865
-0.011676
-0.011538
-0.011677
-0.011395
-0.011403
-0.012250
-0.011454
-0.012020
-0.012103
-0.011347
-0.011318
-0.011652
-0.011897
-0.011952
-0.012043
-0.012109
-0.012076
-0.011739
-0.011449
-0.011094
-0.011074
-0.011368
-0.011131
-0.011410
-0.011433
-0.011134
-0.011300
-0.010543
-0.011335
-0.010974
-0.011464
-0.010964
-0.011263
-0.011595
-0.010970
-0.010976
-0.011597
-0.011549
-0.012278
-0.011474
-0.011035
-0.011084
-0.011469
-0.011440
-0.010850
-0.011041
-0.011299
-0.010868
-0.011695
-0.011676
-0.011500
-0.011470
-0.010509
-0.010474
-0.010864
-0.011113
-0.010909
-0.011363
-0.010832
-0.010971
-0.011268
-0.011635
-0.012014
-0.012234
-0.012073
-0.012323
-0.011789
-0.011500
-0.011859
-0.012022
-0.011438
-0.012115
-0.012034
-0.012418
-0.012972
-0.012774
-0.012602
-0.013446
-0.012630
-0.012135
-0.012125
-0.011621
-0.012327
-0.012012
-0.011655
-0.011763
-0.011873
-0.012227
-0.011791
-0.011762
-0.011793
-0.011409
-0.011317
-0.011007
-0.011558
-0.011239
-0.011291
-0.010266
-0.010908
-0.010998
-0.011027
-0.010667
-0.011496
-0.011041
-0.011241
-0.010373
-0.010402
-0.010743
-0.010382
-0.010439
-0.009972
-0.010131
-0.010179
-0.010113
-0.010339
-0.010363
-0.010423
-0.010314
-0.010676
-0.010418
-0.010308
-0.010730
-0.011128
-0.011010
-0.011053
-0.010897
-0.010773
-0.011357
-0.011501
-0.011715
-0.011872
-0.011160
-0.011722
-0.011661
-0.011214
-0.011092
-0.011972
-0.011220
-0.011261
-0.010812
-0.010765
-0.010440
-0.010875
-0.010701
-0.010940
-0.010826
-0.011089
-0.010911
-0.011093
-0.011068
-0.011245
-0.011329
-0.010631
-0.010051
-0.010342
-0.010619
-0.010333
-0.010534
-0.010191
-0.010370
-0.010693
-0.010498
-0.010163
-0.010658
-0.010439
-0.010855
-0.010270
-0.010807
-0.010719
-0.011331
-0.011032
-0.010540
-0.011248
-0.011645
-0.011338
-0.011163
-0.011016
-0.010371
-0.011522
-0.011047
-0.011335
-0.010992
-0.011327
-0.011732
-0.011338
-0.010448
-0.010959
-0.011438
-0.010936
-0.010663
-0.011074
-0.011739
-0.011558
-0.011007
-0.010951
-0.011438
-0.010573
-0.010460
-0.010419
-0.010730
-0.010863
-0.010616
-0.010403
-0.010617
-0.010184
-0.009939
-0.010778
-0.010636
-0.010254
-0.010627
-0.010398
-0.011128
-0.010593
-0.010551
-0.010091
-0.010351
-0.010529
-0.010188
-0.009726
-0.009731
-0.009792
-0.010135
-0.010025
-0.010079
-0.010553
-0.009882
-0.010463
-0.011289
-0.011297
-0.011283
-0.010811
-0.010758
-0.011513
-0.010579
-0.011395
-0.011003
-0.010955
-0.010893
-0.011139
-0.012109
-0.011291
-0.011282
-0.010763
-0.010774
-0.010637
-0.010630
-0.010446
-0.009918
-0.010225
-0.009863
-0.009643
-0.010286
-0.010336
-0.010004
-0.010709
-0.010541
-0.010598
-0.011113
-0.010189
-0.010681
-0.010622
-0.010628
-0.010545
-0.010051
-0.010570
-0.010931
-0.011067
-0.011058
-0.010491
-0.011191
-0.011284
-0.011071
-0.011103
-0.010398
-0.010541
-0.010459
-0.010795
-0.010448
-0.010565
-0.010161
-0.010101
-0.009819
-0.010186
-0.010504
-0.009639
-0.010181
-0.010380
-0.010261
-0.010708
-0.009889
-0.009801
-0.010097
-0.009704
-0.009639
-0.009285
-0.009325
-0.009452
-0.009261
-0.009496
-0.009484
-0.009526
-0.009799
-0.009052
-0.009158
-0.009507
-0.009739
-0.009951
-0.009859
-0.009796
-0.009608
-0.009776
-0.010021
-0.009490
-0.009685
-0.010316
-0.010129
-0.010552
-0.010380
-0.010685
-0.009690
-0.010420
-0.010778
-0.010604
-0.010213
-0.010479
-0.010568
-0.010909
-0.010291
-0.010219
-0.010565
-0.010608
-0.009684
-0.010160
-0.010203
-0.010457
-0.010066
-0.009825
-0.009933
-0.009989
-0.010715
-0.010429
-0.010690
-0.010505
-0.010270
-0.010535
-0.010515
-0.010735
-0.011096
-0.011634
-0.011419
-0.010958
-0.010747
-0.010141
-0.010761
-0.010651
-0.011161
-0.010492
-0.010808
-0.010455
-0.010845
-0.011030
-0.011064
-0.011442
-0.011510
-0.011505
-0.011683
-0.011666
-0.011182
-0.011249
-0.011339
-0.011187
-0.010862
-0.010699
-0.011479
-0.010676
-0.010466
-0.010785
-0.010650
-0.010616
-0.011039
-0.010688
-0.010565
-0.010796
-0.010422
-0.010139
-0.010826
-0.010601
-0.010664
-0.010909
-0.010848
-0.011132
-0.011042
-0.010524
-0.010625
-0.010392
-0.010193
-0.010931
-0.010928
-0.010629
-0.010826
-0.010342
-0.010657
-0.011090
-0.011641
-0.010405
-0.010787
-0.010618
-0.010556
-0.010917
-0.010577
-0.010391
-0.010737
-0.010040
-0.009970
-0.009811
-0.010023
-0.010704
-0.009971
-0.009928
-0.009732
-0.009826
-0.009866
-0.009766
-0.010157
-0.009874
-0.010610
-0.010729
-0.010001
-0.010710
-0.010845
-0.010960
-0.010948
-0.010526
-0.010578
-0.010135
-0.010211
-0.010799
-0.010380
-0.010509
-0.010259
-0.010842
-0.010160
-0.009945
-0.010370
-0.010275
-0.010458
-0.010551
-0.009970
-0.010594
-0.010325
-0.010945
-0.011043
-0.010715
-0.010078
-0.010040
-0.009964
-0.010194
-0.010001
-0.009875
-0.010282
-0.010093
-0.009824
-0.010403
-0.010280
-0.010587
-0.010019
-0.010153
-0.010076
-0.010071
-0.010010
-0.010147
-0.010130
-0.010024
-0.009861
-0.010342
-0.010097
-0.010472
-0.010377
-0.010289
-0.010102
-0.010564
-0.010637
-0.010904
-0.010149
-0.010390
-0.010266
-0.010479
-0.010419
-0.009892
-0.009906
-0.010082
-0.010368
-0.010734
-0.010248
-0.010636
-0.010793
-0.010865
-0.010790
-0.010965
-0.011411
-0.010730
-0.010912
-0.010297
-0.011059
-0.010920
-0.011445
-0.011522
-0.010975
-0.011604
-0.011191
-0.011058
-0.010937
-0.010574
-0.011153
-0.011327
-0.011252
-0.011251
-0.011335
-0.011009
-0.010661
-0.011151
-0.011475
-0.011560
-0.011128
-0.010957
-0.010946
-0.010548
-0.010476
-0.011015
-0.011222
-0.011250
-0.011069
-0.011587
-0.011172
-0.010799
-0.011000
-0.010768
-0.010561
-0.010498
-0.009914
-0.009909
-0.010206
-0.010435
-0.011101
-0.010748
-0.010631
-0.011171
-0.010804
-0.009952
-0.010084
-0.010418
-0.010493
-0.010008
-0.010672
-0.010458
-0.010420
-0.010743
-0.010636
-0.010575
-0.010518
-0.009844
-0.009524
-0.009605
-0.009471
-0.009871
-0.010107
-0.009342
-0.009715
-0.010339
-0.010179
-0.009762
-0.010194
-0.010065
-0.010307
-0.009780
-0.009714
-0.010088
-0.010321
-0.010024
-0.009734
-0.009553
-0.009651
-0.009787
-0.009767
-0.009911
-0.009704
-0.009545
-0.009936
-0.010169
-0.009952
-0.010062
-0.010666
-0.010084
-0.010025
-0.010145
-0.010362
-0.010367
-0.009827
-0.009899
-0.009868
-0.009754
-0.009741
-0.009817
-0.010055
-0.009156
-0.009450
-0.009944
-0.009127
-0.009537
-0.009493
-0.009984
-0.009834
-0.010158
-0.010116
-0.009830
-0.009569
-0.009792
-0.009137
-0.009719
-0.009581
-0.009856
-0.009609
-0.009665
-0.009023
-0.009444
-0.009558
-0.010016
-0.010167
-0.009760
-0.009515
-0.008818
-0.009326
-0.009266
-0.009387
-0.009459
-0.010066
-0.009667
-0.009676
-0.009064
-0.010042
-0.009862
-0.009628
-0.009653
-0.009859
-0.010149
-0.009940
-0.010127
-0.009846
-0.009329
-0.009359
-0.009016
-0.008884
-0.008759
-0.009392
-0.009068
-0.009500
-0.009340
-0.009126
-0.009415
-0.009367
-0.010229
-0.009973
-0.010546
-0.010019
-0.010228
-0.010742
-0.010737
-0.010326
-0.009437
-0.009638
-0.009278
-0.009704
-0.009147
-0.010010
-0.010045
-0.010175
-0.009774
-0.009563
-0.009822
-0.009841
-0.009261
-0.010095
-0.009711
-0.010214
-0.009848
-0.009851
-0.009630
-0.010022
-0.009591
-0.009380
-0.009924
-0.008901
-0.009298
-0.009740
-0.009484
-0.009307
-0.009524
-0.010189
-0.010378
-0.009913
-0.010130
-0.009882
-0.010351
-0.010130
-0.010146
-0.010032
-0.009931
-0.009796
-0.010135
-0.009870
-0.009743
-0.010007
-0.010456
-0.010362
-0.009846
-0.010463
-0.010035
-0.010082
-0.010479
-0.010503
-0.010747
-0.010730
-0.010621
-0.010601
-0.009882
-0.010729
-0.010596
-0.010616
-0.010659
-0.010331
-0.010163
-0.010846
-0.010522
-0.011039
-0.010540
-0.010626
-0.010337
-0.010996
-0.010629
-0.011029
-0.011538
-0.011056
-0.011414
-0.010882
-0.011259
-0.011045
-0.010919
-0.010775
-0.010723
-0.010667
-0.010531
-0.010675
-0.010882
-0.010634
-0.010460
-0.010815
-0.010407
-0.010237
-0.010810
-0.010416
-0.009901
-0.010300
-0.009705
-0.010066
-0.010174
-0.009886
-0.009264
-0.009487
-0.009716
-0.010233
-0.009873
-0.009829
-0.010109
-0.009903
-0.009880
-0.009681
-0.010139
-0.009507
-0.009936
-0.009746
-0.009464
-0.009268
-0.008929
-0.009221
-0.009721
-0.009800
-0.009502
-0.009601
-0.010254
-0.010156
-0.009539
-0.009854
-0.009726
-0.009765
-0.009709
-0.009281
-0.009393
-0.009869
-0.010068
-0.009764
-0.009705
-0.009734
-0.010014
-0.009661
-0.010049
-0.010389
-0.010174
-0.010086
-0.010190
-0.009910
-0.009932
-0.010401
-0.010045
-0.009995
-0.009968
-0.010093
-0.010211
-0.009952
-0.009369
-0.010047
-0.009895
-0.010112
-0.009739
-0.010026
-0.009899
-0.010584
-0.010394
-0.010321
-0.010067
-0.009836
-0.009661
-0.010055
-0.010499
-0.009934
-0.010177
-0.010477
-0.010510
-0.010371
-0.009829
-0.010033
-0.009590
-0.009194
-0.009280
-0.009153
-0.008352
-0.008817
-0.009194
-0.009131
-0.009579
-0.009637
-0.008953
-0.009125
-0.009382
-0.009418
-0.009178
-0.009219
-0.009189
-0.008579
-0.008956
-0.010028
-0.009576
-0.009533
-0.009247
-0.009162
-0.008500
-0.008441
-0.008638
-0.008673
-0.009604
-0.009030
-0.009300
-0.009268
-0.009771
-0.009751
-0.009305
-0.009123
-0.009608
-0.008851
-0.009144
-0.009706
-0.009531
-0.009377
-0.009338
-0.009344
-0.009443
-0.009626
-0.009461
-0.009452
-0.009292
-0.008863
-0.009387
-0.009010
-0.010150
-0.009492
