Orientation Order Parameter
0.032499
0.088726
0.134365
0.029448
0.138004
0.155536
0.136469
0.183890
0.064764
0.074814
0.059328
0.209911
0.127804
0.125498
0.167855
0.109373
0.025149
0.090311
0.085451
0.118552
0.081123
0.023293
0.060972
0.034904
0.064367
0.104558
0.006308
0.148500
0.013981
0.056387
0.088705
0.141950
0.065105
0.023519
0.055629
0.098429
0.067114
0.102665
0.030998
0.085325
0.101216
0.063372
0.039119
0.074602
0.183762
0.068408
0.105608
0.076588
0.012697
0.027042
0.101383
0.032955
0.044131
0.062555
0.104955
0.100892
0.051557
0.012366
0.050130
0.147416
0.153221
0.112062
0.036887
0.021571
0.024119
0.081659
0.090495
0.071813
0.088544
0.102084
0.099206
0.090355
0.043898
0.064811
0.066606
0.182683
0.161941
0.045061
0.117210
0.090237
0.089475
0.161806
0.043616
0.127238
0.056298
0.091284
0.092127
0.125785
0.139984
0.123043
0.109677
0.101161
0.054024
0.098699
0.084143
0.069003
0.099727
0.076174
0.066714
0.088412
0.071901
0.131470
0.069592
0.045774
0.110488
0.111800
0.077650
0.062347
0.084918
0.099733
0.070609
0.051490
0.083745
0.047850
0.069205
0.093904
0.102966
0.065744
0.079386
0.029331
0.086181
0.085205
0.031116
0.063971
0.077875
0.087869
0.077882
0.092598
0.041955
0.048081
0.092351
0.018753
0.131086
0.043085
0.135527
0.113252
0.120251
0.032089
0.049905
0.084329
0.094628
0.065987
0.101641
0.135132
0.057925
0.093301
0.120964
0.095311
0.020757
0.080245
0.009671
0.052913
0.107576
0.063611
0.101320
0.071655
0.129194
0.152848
0.107265
0.024040
0.073487
0.039680
0.071491
0.109677
0.161417
0.033258
0.069678
0.112066
0.089254
0.022769
0.090145
0.068080
0.076970
0.048693
0.048520
0.101500
0.032062
0.194866
0.142788
0.056960
0.133818
0.035351
0.047496
0.081840
0.051070
0.054000
0.061279
0.075603
0.138004
0.043195
0.090689
0.096228
0.163246
0.030564
0.041426
0.038964
0.134606
0.043225
0.113814
0.082738
0.133615
0.114825
0.037263
0.059634
0.015615
0.082127
0.098342
0.047228
0.076412
0.099152
0.071203
0.069924
0.040563
0.122442
0.057226
0.096404
0.073237
0.073065
0.039856
0.054370
0.068685
0.090257
0.021036
0.074350
0.044761
0.108988
0.012465
0.058288
0.070259
0.026638
0.037846
0.143746
0.069972
0.178395
0.180163
0.066341
0.173020
0.166231
0.142670
0.090589
0.055918
0.003896
0.074650
0.062601
0.072138
0.104632
0.063322
0.051598
0.112642
0.040002
0.024873
0.079336
0.072555
0.125860
0.111805
0.035920
0.077527
0.114699
0.062222
0.102369
0.097584
0.068307
0.023436
0.073355
0.130122
0.113772
0.064574
0.092605
0.085226
0.057969
0.086846
0.068928
0.028515
0.087842
0.102986
0.045068
0.029670
0.072210
0.087347
0.113559
0.075652
0.080553
0.114885
0.083216
0.063452
0.070904
0.058263
0.053203
0.084871
0.115141
0.084837
0.054591
0.028348
0.054168
0.071136
0.075558
0.054910
0.070000
0.021901
0.016270
0.109126
0.072469
0.043639
0.045288
0.037239
0.054350
0.006869
0.064906
0.127365
0.056830
0.055159
0.132692
0.165642
0.111921
0.108801
0.031577
0.085999
0.021257
0.045053
0.049323
0.058080
0.112277
0.073434
0.045044
0.036699
0.136156
0.013508
0.127014
0.009956
0.050525
0.020001
0.034590
0.088550
0.009442
0.082036
0.076082
0.052592
0.144131
0.054248
0.106045
0.124752
0.042921
0.030764
0.022265
0.186365
0.136898
0.158100
0.141897
0.039641
0.149466
0.088351
0.099524
0.127422
0.094054
0.036381
0.037181
0.084164
0.158754
0.141558
0.132314
0.015690
0.059708
0.075418
0.014594
0.098348
0.023211
0.029105
0.040898
0.038620
0.098498
0.045190
0.103693
0.142903
0.153280
0.115602
0.080374
0.078414
0.032377
0.043011
0.148689
0.091284
0.101004
0.150699
0.102497
0.038320
0.079077
0.078861
0.086778
0.060907
0.076438
0.093915
0.073146
0.102779
0.086286
0.051271
0.035548
0.069232
0.034002
0.034060
0.036876
0.064415
0.045674
0.079327
0.066523
0.071015
0.036091
0.121524
0.036421
0.142309
0.062626
0.068696
0.038228
0.077980
0.098072
0.088440
0.007520
0.039999
0.059862
0.067551
0.135047
0.120488
0.055056
0.087016
0.074480
0.103192
0.090407
0.057238
0.083119
0.053263
0.054507
0.013889
0.040733
0.114280
0.165971
0.078955
0.050253
0.083249
0.136251
0.108141
0.131409
0.023096
0.050353
0.095539
0.089627
0.021901
0.042018
0.225176
0.062368
0.082412
0.143961
0.111704
0.073339
0.024652
0.148343
0.158963
0.132431
0.107673
0.038708
0.067424
0.109635
0.095544
0.089281
0.129235
0.081922
0.061564
0.068329
0.093248
0.104757
0.023440
0.084605
0.105576
0.075439
0.074278
0.071036
0.084293
0.042012
0.078159
0.091878
0.051545
0.112918
0.069667
0.082167
0.113656
0.092859
0.103115
0.021782
0.028126
0.054739
0.056100
0.056730
0.069081
0.058211
0.068615
0.105646
0.104292
0.011917
0.082178
0.035671
0.078171
0.114627
0.025012
0.138863
0.071637
0.092257
0.046904
0.032670
0.017527
0.076687
0.163094
0.078529
0.101978
0.019339
0.064196
0.186597
0.019661
0.144587
0.069076
0.058908
0.063511
0.098031
0.096433
0.032211
0.092091
0.021446
0.027426
0.059727
0.059732
0.085766
0.173423
0.077027
0.088794
0.057096
0.038881
0.026680
0.066823
0.109803
0.131821
0.052355
0.158431
0.045599
0.123420
0.097664
0.075792
0.063155
0.010732
0.173462
0.133549
0.050551
0.131230
0.008622
0.078362
0.064380
0.031051
0.097348
0.055582
0.133544
0.071038
0.071225
0.081820
0.044974
0.052092
0.076902
0.133009
0.041016
0.011974
0.007966
0.138844
0.054216
0.095367
0.114013
0.091913
0.086094
0.062068
0.067785
0.019877
0.022537
0.014027
0.034740
0.073715
0.032168
0.110581
0.051503
0.078723
0.036285
0.082458
0.070585
0.051461
0.088427
0.048084
0.085028
0.074407
0.053174
0.106918
0.084209
0.054130
0.088037
0.039908
0.104127
0.031320
0.044199
0.032300
0.071979
0.062299
0.059975
0.047969
0.026546
0.056017
0.062150
0.041082
0.073622
0.039556
0.113030
0.116490
0.161873
0.048799
0.074272
0.061487
0.065988
0.088824
0.029746
0.055072
0.025620
0.025674
0.056532
0.112491
0.116224
0.094978
0.074379
0.105770
0.004165
0.119143
0.042813
0.044136
0.140449
0.155206
0.017688
0.011378
0.150065
0.052701
0.076386
0.115086
0.041906
0.057106
0.011715
0.116618
0.032692
0.047787
0.113154
0.020990
0.009745
0.095127
0.042976
0.044438
0.042963
0.082683
0.026309
0.087595
0.087647
0.028758
0.094153
0.042449
0.051020
0.127417
0.024061
0.024036
0.041203
0.041139
0.038510
0.089095
0.059834
0.088106
0.053095
0.009501
0.063199
0.019952
0.096540
0.104899
0.092628
0.106620
0.114599
0.041529
0.034472
0.065138
0.020124
0.077740
0.034226
0.057401
0.058959
0.071113
0.112291
0.073691
0.027496
0.071085
0.095876
0.040243
0.103592
0.109796
0.037491
0.077877
0.030997
0.074369
0.122576
0.184844
0.032450
0.029454
0.058937
0.077821
0.049858
0.064028
0.108912
0.094607
0.020709
0.030407
0.101194
0.033871
0.072962
0.124031
0.101182
0.031956
0.091921
0.031489
0.031328
0.040299
0.090444
0.030953
0.058437
0.069170
0.126678
0.095875
0.088652
0.063562
0.104199
0.084287
0.034740
0.126238
0.018765
0.063596
0.059153
0.103474
0.134171
0.089825
0.146230
0.008944
0.073768
0.057008
0.073393
0.094189
0.075437
0.066973
0.045262
0.022398
0.106563
0.076400
0.100453
0.089852
0.074640
0.177289
0.023140
0.047298
0.017915
0.122181
0.019979
0.118142
0.088893
0.067768
0.059366
0.104180
0.054545
0.109656
0.085492
0.014706
0.124743
0.040014
0.123277
0.106025
0.080965
0.056191
0.072499
0.060952
0.068269
0.136237
0.064319
0.017058
0.035756
0.015011
0.117841
0.054663
0.059442
0.095775
0.102227
0.068667
0.056258
0.104534
0.080075
0.012908
0.022465
0.101863
0.064724
0.072584
0.083579
0.088905
0.064152
0.053012
0.019212
0.033410
0.083565
0.030298
0.067562
0.046808
0.105299
0.057660
0.061417
0.107280
0.059959
0.044716
0.082529
0.009528
0.055518
0.069840
0.076499
0.095986
0.090589
0.022586
0.056054
0.046809
0.113782
0.119798
0.041189
0.125464
0.111758
0.105337
0.072923
0.029568
0.052214
0.071956
0.028680
0.060250
0.086257
0.093763
0.094321
0.126565
0.064101
0.044514
0.086930
0.138560
0.027831
0.088512
0.039895
0.042745
0.174576
0.049611
0.032156
0.058589
0.086502
0.090657
0.063823
0.023400
0.092719
0.067576
0.035930
0.009720
0.118291
0.180176
0.118810
0.059896
0.058368
0.099266
0.106011
0.133914
0.093744
0.002938
0.070487
0.074042
0.016818
0.038460
0.025467
0.056033
0.083389
0.058013
0.049057
0.035405
0.107150
0.037318
0.107789
0.054954
0.110732
0.076142
0.100495
0.039404
0.059921
0.023710
0.027072
0.054628
0.087036
0.062775
0.098115
0.014945
0.078288
0.097910
0.138993
0.112854
0.117554
0.129097
0.058766
0.110374
0.192114
0.103478
0.157593
0.144371
0.062070
0.069861
0.048277
0.033409
0.043643
0.090244
0.033233
0.049514
0.095905
0.052519
0.073355
0.102231
0.111288
0.034932
0.073633
0.021945
0.084712
0.019989
0.065580
0.081018
0.116865
0.098962
0.052900
0.120725
0.038417
0.107844
0.164387
0.103773
0.030817
0.049403
0.095699
0.091961
0.063681
0.145786
0.067644
0.008945
0.033420
0.065062
0.126898
0.081680
0.085006
0.097555
0.115088
0.121489
0.079791
0.124911
0.058177
0.115398
0.060268
0.017878
0.115472
0.063728
0.049614
0.085932
0.085623
0.091991
0.022314
0.009551
0.062388
0.087861
0.170512
0.031582
0.050330
0.081109
0.041654
0.102227
0.044416
0.033866
0.088392
0.185315
0.085952
0.102556
0.018333
0.092662
0.032183
0.020914
0.030050
0.018586
0.038250
0.036511
0.117742
0.112826
0.073055
0.096615
0.116538
0.071481
0.065120
0.040549
0.066483
0.056764
0.125755
