Specific Heat
0
2.321496979e-006
1.25302199e-005
1.372736004e-005
2.72670968e-005
2.814468303e-005
2.853511172e-005
3.202481101e-005
3.382068145e-005
3.235362566e-005
2.970662139e-005
6.128211196e-005
6.660713692e-005
6.201367668e-005
8.103723262e-005
7.933312273e-005
7.841921999e-005
7.523144301e-005
7.129333804e-005
7.144031537e-005
7.048142351e-005
6.728089972e-005
6.633712012e-005
6.36080265e-005
7.285678812e-005
7.020955164e-005
6.867206457e-005
6.632037908e-005
6.474560663e-005
6.288428656e-005
7.240277823e-005
7.204246289e-005
7.05282729e-005
6.984755024e-005
7.097703075e-005
6.900546077e-005
6.816197251e-005
8.08485124e-005
8.139669637e-005
8.25818443e-005
8.214822873e-005
8.105977358e-005
8.120319309e-005
7.93756385e-005
7.762089248e-005
8.150148121e-005
8.145480995e-005
8.012198273e-005
7.855086474e-005
7.700492003e-005
7.582510241e-005
7.68215876e-005
7.601188518e-005
7.661569128e-005
7.540530533e-005
7.580587593e-005
7.588379337e-005
7.982877751e-005
8.558608771e-005
9.318502473e-005
9.244826164e-005
9.459082746e-005
9.332762781e-005
9.283355489e-005
9.405030795e-005
9.310633683e-005
9.239610566e-005
9.437204947e-005
9.402449911e-005
0.0001000562857
9.98148361e-005
0.0001012479444
0.0001098596042
0.0001178837036
0.0001196388446
0.000118678147
0.0001171732592
0.000117149274
0.0001156666757
0.0001166334028
0.0001159923706
0.0001155291997
0.0001158711556
0.0001145276988
0.0001133324791
0.0001121167719
0.0001109628072
0.0001111445034
0.0001110021001
0.0001097688591
0.0001103657663
0.0001092939734
0.0001082483684
0.000107145572
0.0001066525072
0.0001056475123
0.0001053025873
0.0001045183219
0.0001077282879
0.0001077153509
0.0001066575284
0.0001059128965
0.0001058453571
0.00010501051
0.0001054954009
0.000107272656
0.000106525608
0.0001065913283
0.000105783158
0.0001071767551
0.0001071817327
0.00010724292
0.0001068201624
0.0001061099725
0.0001052106713
0.0001052004304
0.0001044000248
0.0001035155163
0.0001030376185
0.0001049149672
0.0001060584009
0.000105236992
0.0001070204331
0.0001065584815
0.0001062389933
0.0001080091159
0.0001098847304
0.0001137704649
0.0001173590387
0.000119874112
0.0001221351268
0.0001212418445
0.0001244736633
0.00012650731
0.000128616468
0.0001309818221
0.0001312180126
0.0001307811105
0.0001345759876
0.0001357443849
0.0001412655679
0.0001423968391
0.0001440432717
0.0001440432805
0.0001486860833
0.0001501688604
0.0001549091922
0.0001656553775
0.0001703044694
0.000178875295
0.0001816500254
0.0001879817807
0.0001919444719
0.000194697254
0.0001962863155
0.0001974818591
0.0001982893883
0.0001983574645
0.0001991493754
0.0002012505563
0.0002017371824
0.000201412469
0.0002029152069
0.0002023708603
0.0002013849026
0.0002027686757
0.0002022366565
0.0002010683491
0.0002002274162
0.0001993750745
0.0001982269518
0.0001971905461
0.0001960970221
0.0001969508745
0.000196764528
0.0001959210949
0.0001950301265
0.000193983873
0.0001929920696
0.0001919711713
0.0001909370006
0.0001899298415
0.0001892220599
0.0001882747116
0.0001880579847
0.0001870552206
0.0001862502429
0.0001861795582
0.0001869163488
0.0001896359984
0.0001905349083
0.0001897454307
0.0001888540499
0.0001885883533
0.0001880518742
0.0001873733695
0.0001865440929
0.0001861850053
0.0001852862167
0.0001845364922
0.0001837389536
0.0001830264381
0.0001835702778
0.0001836603349
0.0001827853791
0.0001819411107
0.0001811707525
0.0001804856001
0.0001797643097
0.0001789214333
0.0001783245098
0.0001775148566
0.0001772683885
0.0001765911779
0.0001758244365
0.0001751796313
0.0001743777583
0.0001735791233
0.0001733766905
0.0001726126733
0.0001718362178
0.0001710626363
0.0001703503062
0.0001697764786
0.0001690219791
0.000169256209
0.0001685351017
0.0001678060712
0.0001671426445
0.0001665457918
0.000165839141
0.000165132684
0.0001655152083
0.0001653310741
0.0001649858411
0.0001643179695
0.0001636665687
0.0001632200256
0.0001625618433
0.0001626635364
0.0001619906774
0.0001614446501
0.0001614790887
0.0001615993132
0.000161368969
0.0001607636149
0.0001601239533
0.0001598480533
0.0001607441698
0.000161301032
0.0001623290209
0.0001682551863
0.0001708528478
0.0001716109695
0.000172601132
0.0001722544427
0.0001718114694
0.0001735591346
0.0001745104058
0.0001745836981
0.000174557241
0.0001752673268
0.0001758149311
0.0001764553929
0.0001801385126
0.0001816756693
0.0001810284998
0.0001806212514
0.000180288007
0.0001806575892
0.0001812995183
0.0001852776945
0.0001895887117
0.000192586157
0.0001953288215
0.0001948022653
0.0001957841413
0.0001958538486
0.000196005171
0.0001953296458
0.0001946691486
0.0001947161128
0.0001952995801
0.0001947667089
0.0001964173514
0.0001968980804
0.000196266569
0.0001958284112
0.0001956698151
0.000195595602
0.0001955039198
0.0001952091933
0.0001946567088
0.0001943309933
0.0001940210729
0.0001940428233
0.0001954894643
0.0001952866675
0.0001961269886
0.0001956778507
0.0001952883685
