Orientation Order Parameter
0.030906
0.116203
0.064865
0.098393
0.041821
0.027642
0.050005
0.026341
0.134426
0.059655
0.022952
0.042226
0.039116
0.029660
0.117502
0.075864
0.108676
0.018673
0.041204
0.038429
0.040705
0.095802
0.104759
0.034935
0.075488
0.056679
0.067978
0.076907
0.053468
0.062298
0.098934
0.042208
0.031461
0.096618
0.048631
0.032909
0.120180
0.093674
0.103791
0.031199
0.017178
0.042203
0.112789
0.101412
0.061123
0.076050
0.031159
0.046123
0.080461
0.021902
0.018758
0.005309
0.058346
0.034784
0.040203
0.050079
0.044057
0.130002
0.086413
0.028120
0.089887
0.056520
0.114631
0.086064
0.054539
0.028109
0.059490
0.067637
0.112767
0.033136
0.044449
0.023658
0.097655
0.013194
0.088117
0.063847
0.083425
0.063549
0.117251
0.063726
0.009367
0.102955
0.056085
0.082893
0.013053
0.065135
0.015938
0.060772
0.051160
0.030883
0.055152
0.038863
0.022842
0.060273
0.039748
0.049652
0.030286
0.122657
0.040899
0.092886
0.076894
0.053083
0.093333
0.022464
0.076049
0.018509
0.082276
0.062996
0.011383
0.032046
0.042034
0.072152
0.068094
0.089720
0.125590
0.030131
0.007717
0.075023
0.026566
0.034834
0.026169
0.067244
0.122469
0.068649
0.145826
0.069252
0.005837
0.075051
0.051395
0.098618
0.074609
0.072495
0.024918
0.090712
0.046713
0.009402
0.012630
0.020653
0.075744
0.012452
0.009868
0.101714
0.003982
0.121097
0.036823
0.124907
0.018639
0.035613
0.090295
0.067374
0.061950
0.085075
0.018660
0.094597
0.059442
0.042029
0.011727
0.008988
0.012679
0.009921
0.019552
0.007847
0.111928
0.089871
0.061635
0.035019
0.033303
0.027337
0.015685
0.075870
0.038638
0.036828
0.113393
0.040302
0.120623
0.071107
0.071106
0.064988
0.103032
0.125102
0.036077
0.025595
0.091055
0.031645
0.046532
0.065556
0.020133
0.103331
0.103338
0.085955
0.040865
0.066275
0.093957
0.057400
0.103795
0.035390
0.083402
0.089615
0.010210
0.077100
0.086065
0.028061
0.010782
0.110460
0.064442
0.050617
0.084680
0.071946
0.045157
0.072520
0.111952
0.079199
0.038690
0.008660
0.003587
0.040610
0.074951
0.020476
0.064894
0.072524
0.075126
0.041465
0.031209
0.012005
0.067438
0.054520
0.036338
0.031742
0.104745
0.010413
0.074082
0.090407
0.023890
0.069385
0.067765
0.072406
0.009453
0.076933
0.095908
0.035295
0.045501
0.033567
0.015720
0.050581
0.087473
0.080127
0.077105
0.031162
0.026054
0.063662
0.035420
0.101793
0.046211
0.035296
0.084344
0.117646
0.024769
0.060007
0.072066
0.034030
0.046380
0.045063
0.035961
0.105480
0.113057
0.037323
0.045839
0.025778
0.096889
0.016257
0.116104
0.082314
0.089698
0.058095
0.136875
0.107957
0.073552
0.036072
0.042916
0.040275
0.025688
0.058869
0.069960
0.044613
0.026941
0.056156
0.051516
0.071442
0.079292
0.030741
0.130470
0.035936
0.043799
0.086850
0.016010
0.059816
0.075970
0.066899
0.075607
0.024553
0.062352
0.084118
0.081845
0.056278
0.032228
0.086371
0.054669
0.087037
0.057690
0.035401
0.065741
0.052969
0.080106
0.054892
0.064705
0.074953
0.041756
0.072020
0.074148
0.041326
0.058469
0.067237
0.079628
0.054503
0.090805
0.092167
0.010185
0.104256
0.042856
0.110222
0.079267
0.021278
0.040655
0.066169
0.024973
0.071296
0.078403
0.094097
0.016704
0.041992
0.024392
0.057482
0.036610
0.020613
0.030428
0.061240
0.086372
0.003186
0.053800
0.056139
0.024920
0.064925
0.107780
0.080285
0.069904
0.061973
0.061875
0.031145
0.024333
0.093532
0.048313
0.077399
0.025461
0.091127
0.079422
0.030460
0.036287
0.040309
0.067542
0.046245
0.044309
0.066169
0.104882
0.017075
0.028707
0.090336
0.070542
0.014618
0.041727
0.102867
0.045421
0.030547
0.057930
0.067356
0.106253
0.022496
0.057309
0.021189
0.073036
0.016143
0.039776
0.046188
0.027923
0.062272
0.120487
0.043926
0.035938
0.020876
0.057667
0.126725
0.070280
0.060099
0.029277
0.041581
0.031254
0.042842
0.121280
0.002846
0.120032
0.067850
0.022990
0.052575
0.024143
0.154891
0.016693
0.012570
0.061001
0.059131
0.059277
0.084025
0.049798
0.048920
0.013428
0.031206
0.066833
0.032778
0.093724
0.025664
0.042182
0.041530
0.060557
0.049614
0.120227
0.077760
0.056727
0.032475
0.094145
0.053595
0.119609
0.120868
0.052837
0.103539
0.024210
0.078553
0.080324
0.055706
0.061968
0.027342
0.103815
0.096207
0.069594
0.148999
0.083912
0.101341
0.018961
0.015004
0.082875
0.062704
0.092141
0.083478
0.102798
0.021653
0.042679
0.039529
0.018024
0.016812
0.020047
0.024087
0.097063
0.061682
0.042133
0.091274
0.054730
0.060033
0.038998
0.025294
0.024420
0.071520
0.026974
0.093707
0.089353
0.009163
0.048154
0.072578
0.056311
0.058958
0.042972
0.065089
0.096906
0.105376
0.100571
0.091272
0.008504
0.121741
0.086269
0.058485
0.090850
0.010884
0.012222
0.039158
0.052329
0.021387
0.046024
0.040550
0.074109
0.094631
0.069121
0.110029
0.017463
0.058326
0.123359
0.082223
0.027744
0.091814
0.104402
0.027080
0.025401
0.038707
0.057493
0.050529
0.021177
0.099452
0.029769
0.109345
0.051768
0.027477
0.048579
0.103427
0.067080
0.019197
0.072658
0.061997
0.023800
0.073282
0.053953
0.115706
0.041790
0.069398
0.064112
0.113786
0.041338
0.071546
0.101974
0.049127
0.073301
0.083880
0.114310
0.036757
0.081708
0.050461
0.045703
0.065396
0.032939
0.046338
0.080636
0.024594
0.014765
0.089643
0.079100
0.061016
0.061313
0.005477
0.065923
0.022815
0.040072
0.034155
0.087558
0.082171
0.055305
0.078146
0.064738
0.089655
0.048965
0.065325
0.099257
0.024042
0.031728
0.084051
0.053909
0.101798
0.108536
0.090207
0.037267
0.059265
0.046452
0.067594
0.084430
0.058308
0.069312
0.052321
0.141109
0.053043
0.074714
0.026959
0.028813
0.063844
0.083909
0.010068
0.054627
0.101378
0.012375
0.043284
0.050895
0.011127
0.054289
0.026548
0.066943
0.037309
0.056356
0.029526
0.050932
0.021874
0.073379
0.034499
0.025644
0.108285
0.093885
0.091189
0.049845
0.003949
0.057194
0.084111
0.080909
0.093474
0.025338
0.090198
0.069760
0.144407
0.059171
0.066689
0.053456
0.023352
0.038105
0.010565
0.072033
0.042643
0.085162
0.123349
0.064077
0.060994
0.128910
0.084254
0.021823
0.020962
0.039355
0.055070
0.055689
0.077326
0.036036
0.013867
0.022833
0.061189
0.017068
0.054014
0.044262
0.090221
0.045173
0.139617
0.063465
0.040486
0.131297
0.079501
0.032248
0.059885
0.024004
0.083301
0.049918
0.072306
0.028572
0.011599
0.156387
0.016456
0.011840
0.019368
0.047648
0.072545
0.023071
0.026256
0.043532
0.092408
0.034356
0.066450
0.036341
0.116928
0.064748
0.112923
0.045852
0.089206
0.061660
0.074640
0.035478
0.048704
0.058873
0.071824
0.055354
0.092234
0.087010
0.073205
0.022709
0.041447
0.070308
0.057193
0.060169
0.021759
0.027574
0.008107
0.024508
0.028978
0.054348
0.084641
0.099746
0.153890
0.047279
0.064933
0.179210
0.032301
0.061306
0.051677
0.074027
0.048443
0.104268
0.020996
0.059535
0.095932
0.098557
0.064731
0.045652
0.099739
0.066282
0.063060
0.014689
0.016075
0.027744
0.024181
0.111293
0.038567
0.033684
0.093893
0.135314
0.083563
0.035092
0.019029
0.083065
0.040164
0.024864
0.058732
0.100069
0.036692
0.139678
0.091462
0.054533
0.035935
0.026170
0.019094
0.075240
0.058942
0.067337
0.038660
0.061483
0.039679
0.017295
0.021402
0.040130
0.015405
0.079411
0.028426
0.096690
0.123916
0.121766
0.059757
0.033520
0.027180
0.033192
0.066669
0.068922
0.093304
0.068536
0.071175
0.027381
0.129500
0.084595
0.072024
0.048914
0.038599
0.036109
0.099327
0.026504
0.021051
0.065774
0.023634
0.029707
0.067959
0.076437
0.066990
0.067614
0.082084
0.016999
0.043965
0.058204
0.087767
0.100489
0.083163
0.031622
0.106393
0.035934
0.052666
0.068777
0.113729
0.083521
0.027426
0.085438
0.053921
0.066711
0.037216
0.053036
0.049510
0.081222
0.117335
0.051886
0.035375
0.036936
0.087134
0.070006
0.082825
0.065462
0.094389
0.100517
0.010313
0.088834
0.007003
0.063319
0.011408
0.136878
0.063880
0.019137
0.070347
0.211587
0.037609
0.031413
0.026126
0.102438
0.120501
0.097915
0.003953
0.134484
0.023727
0.029846
0.067387
0.062609
0.064933
0.022349
0.119735
0.076668
0.085929
0.033837
0.075944
0.100845
0.128549
0.065826
0.037880
0.021276
0.031818
0.089488
0.048820
0.077643
0.080565
0.046981
0.047958
0.022872
0.047991
0.069876
0.050902
0.076776
0.099121
0.038995
0.096144
0.064682
0.081925
0.074368
0.076702
0.060513
0.052912
0.069391
0.075660
0.022109
0.090355
0.026731
0.126245
0.019401
0.053070
0.022386
0.029339
0.010332
0.036283
0.083546
0.082820
0.011668
0.064332
0.038714
0.061859
0.039609
0.051341
0.023601
0.050056
0.010806
0.034059
0.105554
0.067292
0.062055
0.058134
0.092586
0.072747
0.020422
0.025249
0.078890
0.036377
0.035331
0.027380
0.039576
0.074333
0.035530
0.092786
0.059627
0.022293
0.045469
0.062694
0.032932
0.041560
0.054065
0.037374
0.041459
0.117234
0.069873
0.090875
0.019656
0.043376
0.123593
0.038963
0.090705
0.036496
0.045352
0.134060
0.009613
0.079303
0.038398
0.103151
0.096482
0.129829
0.021621
0.022751
0.094877
0.044412
0.047136
0.037940
0.054463
0.029712
0.075075
0.071897
0.097241
0.025427
0.108285
0.045244
0.047700
0.022735
0.100038
0.101902
0.058356
0.104736
0.066319
0.062499
0.077300
0.060385
0.014016
0.088292
0.147801
0.014371
0.103331
0.115532
0.059972
0.010126
0.043280
0.067082
0.054065
0.110313
0.064034
0.063823
0.089699
0.061541
0.004902
0.021478
0.072127
0.057140
0.019002
0.076968
0.101106
0.038052
0.009262
0.068064
0.085114
0.023923
