Specific Heat
0
3.074095217e-007
1.606074689e-006
1.227275412e-006
4.301776772e-006
4.461135823e-006
9.729524555e-006
8.8250558e-006
7.954847521e-006
7.60010522e-006
7.049291471e-006
1.086838486e-005
1.152433767e-005
1.261178909e-005
1.192820955e-005
1.122320334e-005
1.109034984e-005
1.160235978e-005
1.119513271e-005
1.45849111e-005
1.520369882e-005
1.507749962e-005
1.456490444e-005
1.470301406e-005
1.41161269e-005
1.445610074e-005
1.471198405e-005
1.421235784e-005
1.375239103e-005
1.375759323e-005
1.351376606e-005
1.425153353e-005
1.475077509e-005
1.697273125e-005
1.725032876e-005
1.785719431e-005
1.786538165e-005
1.753306461e-005
1.709535949e-005
1.668550443e-005
1.700184321e-005
1.786123983e-005
1.918048456e-005
1.965609901e-005
1.962923577e-005
2.018661246e-005
2.004625361e-005
2.099919123e-005
2.160430426e-005
2.132159423e-005
2.133485372e-005
2.114463049e-005
2.319052405e-005
2.311942667e-005
2.323617061e-005
2.282864703e-005
2.274051767e-005
2.259993095e-005
2.230643766e-005
2.205573021e-005
2.188524828e-005
2.153232513e-005
2.122165986e-005
2.09214774e-005
2.088999872e-005
2.057901219e-005
2.027308725e-005
2.01473802e-005
1.997217132e-005
1.968805236e-005
2.0323424e-005
2.11075664e-005
2.103935657e-005
2.082222433e-005
2.132635654e-005
2.116716732e-005
2.091495524e-005
2.066264111e-005
2.05811657e-005
2.034785053e-005
2.035281975e-005
2.103663902e-005
2.092757386e-005
2.089916299e-005
2.203588226e-005
2.24524738e-005
2.33870156e-005
2.313852397e-005
2.288582861e-005
2.265264587e-005
2.268114954e-005
2.332550769e-005
2.30823782e-005
2.303406813e-005
2.27941483e-005
2.273156573e-005
2.303881239e-005
2.280482158e-005
2.258548753e-005
2.289822975e-005
2.290630534e-005
2.276733794e-005
2.270239458e-005
2.309294494e-005
2.290505777e-005
2.270674953e-005
2.249571343e-005
2.230565337e-005
2.212343099e-005
2.243658362e-005
2.234767704e-005
2.220221919e-005
2.217203519e-005
2.204299626e-005
2.223709427e-005
2.204541291e-005
2.186724694e-005
2.22828488e-005
2.215168429e-005
2.230716257e-005
2.274623736e-005
2.315888337e-005
2.308851531e-005
2.304350975e-005
2.285917422e-005
2.283552866e-005
2.331339152e-005
2.367351019e-005
2.375182841e-005
2.360108409e-005
2.360414602e-005
2.343275066e-005
2.329353457e-005
2.361305805e-005
2.354644635e-005
2.339293338e-005
2.335499763e-005
2.319347312e-005
2.302661385e-005
2.296832461e-005
2.338927987e-005
2.323039799e-005
2.306803382e-005
2.290783957e-005
2.275033939e-005
2.272537566e-005
2.306170971e-005
2.292183562e-005
2.284562939e-005
2.277684119e-005
2.267000022e-005
2.253576366e-005
2.276528185e-005
2.270100802e-005
2.326037473e-005
2.312891133e-005
2.319734307e-005
2.313699472e-005
2.304180389e-005
2.304915182e-005
2.300034657e-005
2.286196868e-005
2.303868829e-005
2.329724264e-005
2.333817087e-005
2.372462013e-005
2.446575344e-005
2.565432617e-005
2.584990911e-005
2.616605784e-005
2.669783738e-005
2.663356613e-005
2.655134517e-005
2.641485445e-005
2.626413998e-005
2.613469403e-005
2.606548961e-005
2.602259733e-005
2.616111505e-005
2.60635154e-005
2.609842816e-005
2.598573462e-005
2.586990989e-005
2.626178026e-005
2.623438663e-005
2.636635477e-005
2.634191127e-005
2.635303039e-005
2.654046489e-005
2.651658854e-005
2.64082265e-005
2.669519692e-005
2.672767345e-005
2.664478378e-005
2.660173422e-005
2.658558257e-005
2.685192338e-005
2.700809979e-005
2.687470679e-005
2.674033502e-005
2.667705854e-005
2.715941453e-005
2.754453489e-005
2.866329953e-005
2.885136533e-005
2.892741668e-005
2.879368432e-005
2.915670468e-005
2.914991156e-005
2.927886332e-005
2.925393913e-005
2.911702959e-005
2.901653441e-005
2.895775567e-005
2.899255646e-005
2.8993624e-005
2.886027636e-005
2.874362851e-005
2.863876193e-005
2.930923789e-005
2.939423534e-005
2.93963593e-005
2.955369669e-005
2.952612246e-005
2.942003085e-005
2.950430176e-005
2.951883714e-005
2.986940392e-005
2.974490341e-005
2.962838193e-005
2.951654105e-005
2.946349039e-005
2.933830934e-005
2.931971004e-005
2.922991296e-005
2.952921229e-005
2.95614652e-005
2.978934206e-005
2.99767216e-005
2.989610466e-005
3.00582049e-005
3.001743435e-005
3.016339497e-005
3.052024285e-005
3.091483618e-005
3.079014627e-005
3.068739261e-005
3.062219089e-005
3.052028904e-005
3.049778504e-005
3.042989075e-005
3.032159581e-005
3.041773719e-005
3.064994946e-005
3.061822324e-005
3.051368145e-005
3.059544099e-005
3.059488943e-005
3.072999438e-005
3.06325216e-005
3.063474238e-005
3.05379132e-005
3.061638454e-005
3.052561428e-005
3.041304232e-005
3.030435276e-005
3.023838142e-005
3.012606993e-005
3.010949974e-005
2.99986747e-005
2.991338392e-005
2.981015652e-005
2.97051699e-005
2.979926682e-005
2.98655042e-005
2.978818226e-005
2.991371514e-005
2.985511757e-005
2.981417993e-005
2.974444856e-005
2.969567508e-005
2.959702462e-005
2.966539949e-005
2.960256929e-005
2.95601974e-005
2.96060653e-005
2.954291764e-005
2.948728401e-005
2.939447389e-005
2.94827877e-005
2.949553508e-005
2.947846911e-005
2.946203392e-005
2.938923475e-005
2.939160099e-005
2.929231449e-005
2.92113073e-005
2.911333064e-005
2.902442986e-005
2.896260286e-005
2.886918966e-005
