Energy per particle (eV)
0.374607
0.035665
-0.014703
-0.024125
-0.026168
-0.026876
-0.027274
-0.027418
-0.027556
-0.027893
-0.027960
-0.028273
-0.028067
-0.028163
-0.028121
-0.028267
-0.028205
-0.028151
-0.028199
-0.028249
-0.028301
-0.028203
-0.028291
-0.028201
-0.028171
-0.028163
-0.028258
-0.028276
-0.028278
-0.028283
-0.028272
-0.028355
-0.028333
-0.028200
-0.028270
-0.028238
-0.028251
-0.028238
-0.028169
-0.028288
-0.028295
-0.028228
-0.028232
-0.028312
-0.028319
-0.028379
-0.028260
-0.028267
-0.028200
-0.028144
-0.028259
-0.028168
-0.028222
-0.028295
-0.028301
-0.028277
-0.028242
-0.028211
-0.028233
-0.028313
-0.028274
-0.028332
-0.028218
-0.028289
-0.028387
-0.028384
-0.028315
-0.028177
-0.028249
-0.028256
-0.028270
-0.028292
-0.028218
-0.028291
-0.028301
-0.028352
-0.028237
-0.028263
-0.028265
-0.028253
-0.028210
-0.028251
-0.028273
-0.028203
-0.028303
-0.028212
-0.028156
-0.028287
-0.028280
-0.028224
-0.028282
-0.028252
-0.028130
-0.028249
-0.028233
-0.028304
-0.028355
-0.028292
-0.028347
-0.028182
-0.028267
-0.028320
-0.028298
-0.028313
-0.028392
-0.028313
-0.028227
-0.028262
-0.028322
-0.028309
-0.028372
-0.028217
-0.028367
-0.028161
-0.028154
-0.028199
-0.028227
-0.028210
-0.028256
-0.028308
-0.028341
-0.028201
-0.028231
-0.028236
-0.028282
-0.028167
-0.028288
-0.028247
-0.028323
-0.028311
-0.028218
-0.028221
-0.028247
-0.028354
-0.028270
-0.028332
-0.028373
-0.028279
-0.028319
-0.028264
-0.028249
-0.028219
-0.028309
-0.028275
-0.028180
-0.028342
-0.028291
-0.028314
-0.028261
-0.028410
-0.028245
-0.028349
-0.028279
-0.028269
-0.028289
-0.028298
-0.028367
-0.028249
-0.028291
-0.028266
-0.028279
-0.028304
-0.028247
-0.028242
-0.028342
-0.028300
-0.028264
-0.028285
-0.028396
-0.028270
-0.028247
-0.028295
-0.028253
-0.028240
-0.028207
-0.028198
-0.028234
-0.028302
-0.028343
-0.028297
-0.028277
-0.028338
-0.028490
-0.028427
-0.028360
-0.028264
-0.028351
-0.028331
-0.028283
-0.028282
-0.028264
-0.028319
-0.028236
-0.028388
-0.028332
-0.028286
-0.028282
-0.028304
-0.028302
-0.028235
-0.028303
-0.028333
-0.028402
-0.028281
-0.028261
-0.028268
-0.028240
-0.028327
-0.028368
-0.028264
-0.028282
-0.028195
-0.028289
-0.028352
-0.028311
-0.028229
-0.028399
-0.028326
-0.028355
-0.028267
-0.028169
-0.028237
-0.028352
-0.028313
-0.028209
-0.028283
-0.028268
-0.028211
-0.028206
-0.028286
-0.028291
-0.028174
-0.028229
-0.028315
-0.028295
-0.028199
-0.028289
-0.028324
-0.028310
-0.028356
-0.028230
-0.028183
-0.028124
-0.028323
-0.028329
-0.028255
-0.028230
-0.028263
-0.028320
-0.028316
-0.028254
-0.028192
-0.028298
-0.028310
-0.028320
-0.028281
-0.028385
-0.028302
-0.028376
-0.028318
-0.028246
-0.028278
-0.028254
-0.028275
-0.028236
-0.028273
-0.028379
-0.028255
-0.028383
-0.028354
-0.028308
-0.028368
-0.028320
-0.028351
-0.028238
-0.028340
-0.028220
-0.028321
-0.028332
-0.028322
-0.028243
-0.028281
-0.028383
-0.028438
-0.028249
-0.028298
-0.028329
-0.028395
-0.028237
-0.028237
-0.028268
-0.028283
-0.028422
-0.028285
-0.028281
-0.028396
-0.028200
-0.028306
-0.028308
-0.028359
-0.028236
-0.028187
-0.028323
-0.028176
-0.028309
-0.028300
-0.028338
-0.028342
-0.028384
-0.028285
-0.028265
-0.028279
-0.028415
-0.028340
-0.028262
-0.028257
-0.028180
-0.028282
-0.028272
-0.028307
-0.028295
-0.028254
-0.028342
-0.028351
-0.028282
-0.028372
-0.028305
-0.028215
-0.028309
-0.028292
-0.028392
-0.028284
-0.028369
-0.028234
-0.028343
-0.028331
-0.028242
-0.028165
-0.028256
-0.028390
-0.028295
-0.028428
-0.028346
-0.028243
-0.028255
-0.028372
-0.028279
-0.028262
-0.028348
-0.028368
-0.028315
-0.028351
-0.028321
-0.028271
-0.028240
-0.028238
-0.028293
-0.028248
-0.028258
-0.028342
-0.028286
-0.028418
-0.028321
-0.028234
-0.028256
-0.028272
-0.028448
-0.028453
-0.028319
-0.028241
-0.028338
-0.028172
-0.028240
-0.028442
-0.028292
-0.028422
-0.028332
-0.028375
-0.028372
-0.028294
-0.028289
-0.028232
-0.028317
-0.028105
-0.028322
-0.028253
-0.028153
-0.028284
-0.028225
-0.028248
-0.028213
-0.028159
-0.028380
-0.028381
-0.028278
-0.028382
-0.028303
-0.028345
-0.028226
-0.028257
-0.028294
-0.028284
-0.028371
-0.028282
-0.028294
-0.028263
-0.028246
-0.028277
-0.028201
-0.028390
-0.028321
-0.028276
-0.028303
-0.028208
-0.028316
-0.028316
-0.028268
-0.028261
-0.028345
-0.028264
-0.028378
-0.028454
-0.028395
-0.028321
-0.028372
-0.028264
-0.028389
-0.028357
-0.028360
-0.028360
-0.028327
-0.028136
-0.028340
-0.028301
-0.028284
-0.028347
-0.028338
-0.028338
-0.028291
-0.028218
-0.028356
-0.028227
-0.028204
-0.028252
-0.028443
-0.028387
-0.028385
-0.028350
-0.028379
-0.028335
-0.028268
-0.028407
-0.028334
-0.028295
-0.028210
-0.028359
-0.028282
-0.028298
-0.028265
-0.028179
-0.028302
-0.028227
-0.028281
-0.028268
-0.028274
-0.028221
-0.028363
-0.028343
-0.028316
-0.028260
-0.028276
-0.028289
-0.028334
-0.028187
-0.028238
-0.028268
-0.028360
-0.028314
-0.028153
-0.028156
-0.028228
-0.028294
-0.028344
-0.028270
-0.028345
-0.028352
-0.028335
-0.028368
-0.028362
-0.028301
-0.028311
-0.028302
-0.028402
-0.028281
-0.028363
-0.028440
-0.028321
-0.028301
-0.028290
-0.028250
-0.028311
-0.028295
-0.028322
-0.028294
-0.028378
-0.028373
-0.028306
-0.028197
-0.028205
-0.028347
-0.028332
-0.028265
-0.028414
-0.028393
-0.028313
-0.028327
-0.028367
-0.028322
-0.028227
-0.028289
-0.028220
-0.028274
-0.028234
-0.028158
-0.028315
-0.028300
-0.028280
-0.028337
-0.028354
-0.028328
-0.028338
-0.028234
-0.028224
-0.028311
-0.028206
-0.028351
-0.028289
-0.028319
-0.028302
-0.028287
-0.028454
-0.028391
-0.028299
-0.028312
-0.028249
-0.028279
-0.028350
-0.028315
-0.028300
-0.028324
-0.028302
-0.028300
-0.028392
-0.028375
-0.028315
-0.028333
-0.028245
-0.028375
-0.028296
-0.028275
-0.028360
-0.028264
-0.028385
-0.028341
-0.028319
-0.028243
-0.028295
-0.028276
-0.028337
-0.028341
-0.028269
-0.028286
-0.028297
-0.028346
-0.028177
-0.028363
-0.028236
-0.028275
-0.028421
-0.028320
-0.028268
-0.028303
-0.028311
-0.028317
-0.028397
-0.028408
-0.028389
-0.028234
-0.028291
-0.028265
-0.028385
-0.028357
-0.028355
-0.028292
-0.028368
-0.028216
-0.028262
-0.028317
-0.028403
-0.028332
-0.028295
-0.028336
-0.028311
-0.028309
-0.028276
-0.028229
-0.028168
-0.028298
-0.028317
-0.028295
-0.028247
-0.028223
-0.028338
-0.028318
-0.028189
-0.028304
-0.028295
-0.028272
-0.028334
-0.028353
-0.028214
-0.028276
-0.028284
-0.028257
-0.028315
-0.028278
-0.028402
-0.028303
-0.028293
-0.028264
-0.028188
-0.028364
-0.028432
-0.028263
-0.028269
-0.028258
-0.028345
-0.028286
-0.028238
-0.028468
-0.028284
-0.028186
-0.028273
-0.028349
-0.028224
-0.028336
-0.028256
-0.028276
-0.028346
-0.028299
-0.028285
-0.028337
-0.028415
-0.028287
-0.028242
-0.028274
-0.028399
-0.028387
-0.028384
-0.028374
-0.028300
-0.028371
-0.028383
-0.028309
-0.028327
-0.028383
-0.028248
-0.028235
-0.028271
-0.028364
-0.028369
-0.028264
-0.028380
-0.028343
-0.028280
-0.028310
-0.028334
-0.028353
-0.028317
-0.028306
-0.028302
-0.028311
-0.028307
-0.028374
-0.028382
-0.028336
-0.028274
-0.028421
-0.028330
-0.028341
-0.028312
-0.028207
-0.028315
-0.028189
-0.028204
-0.028378
-0.028349
-0.028248
-0.028293
-0.028362
-0.028331
-0.028375
-0.028377
-0.028345
-0.028361
-0.028208
-0.028193
-0.028224
-0.028273
-0.028382
-0.028305
-0.028320
-0.028246
-0.028372
-0.028352
-0.028226
-0.028259
-0.028329
-0.028293
-0.028344
-0.028372
-0.028336
-0.028175
-0.028335
-0.028378
-0.028415
-0.028277
-0.028255
-0.028337
-0.028309
-0.028258
-0.028148
-0.028404
-0.028193
-0.028316
-0.028173
-0.028240
-0.028261
-0.028295
-0.028358
-0.028336
-0.028249
-0.028343
-0.028250
-0.028232
-0.028319
-0.028278
-0.028204
-0.028326
-0.028219
-0.028244
-0.028320
-0.028344
-0.028328
-0.028171
-0.028252
-0.028381
-0.028161
-0.028301
-0.028338
-0.028382
-0.028281
-0.028251
-0.028209
-0.028208
-0.028235
-0.028210
-0.028289
-0.028355
-0.028203
-0.028319
-0.028267
-0.028348
-0.028271
-0.028385
-0.028347
-0.028338
-0.028312
-0.028194
-0.028348
-0.028299
-0.028324
-0.028300
-0.028128
-0.028267
-0.028214
-0.028387
-0.028248
-0.028326
-0.028291
-0.028393
-0.028329
-0.028360
-0.028288
-0.028229
-0.028289
-0.028236
-0.028275
-0.028395
-0.028347
-0.028358
-0.028209
-0.028250
-0.028346
-0.028231
-0.028430
-0.028389
-0.028245
-0.028301
-0.028259
-0.028224
-0.028365
-0.028313
-0.028282
-0.028321
-0.028252
-0.028326
-0.028316
-0.028294
-0.028279
-0.028239
-0.028264
-0.028276
-0.028310
-0.028205
-0.028300
-0.028375
-0.028406
-0.028366
-0.028295
-0.028353
-0.028285
-0.028187
-0.028059
-0.028138
-0.028313
-0.028268
-0.028314
-0.028295
-0.028286
-0.028302
-0.028415
-0.028355
-0.028275
-0.028297
-0.028344
-0.028213
-0.028359
-0.028240
-0.028373
-0.028320
-0.028286
-0.028191
-0.028295
-0.028262
-0.028206
-0.028227
-0.028261
-0.028285
-0.028338
-0.028385
-0.028250
-0.028187
-0.028172
-0.028337
-0.028208
-0.028259
-0.028278
-0.028337
-0.028266
-0.028360
-0.028232
-0.028352
-0.028301
-0.028325
-0.028280
-0.028323
-0.028283
-0.028393
-0.028262
-0.028294
-0.028360
-0.028313
-0.028243
-0.028200
-0.028352
-0.028345
-0.028345
-0.028311
-0.028255
-0.028369
-0.028300
-0.028300
-0.028377
-0.028258
-0.028290
-0.028289
-0.028331
-0.028300
-0.028180
-0.028288
-0.028285
-0.028263
-0.028236
-0.028265
-0.028229
-0.028301
-0.028277
-0.028200
-0.028268
-0.028366
-0.028421
-0.028355
-0.028293
-0.028384
-0.028311
-0.028174
-0.028339
-0.028293
-0.028216
-0.028250
-0.028293
-0.028285
-0.028384
-0.028291
-0.028258
-0.028260
-0.028269
-0.028323
-0.028237
-0.028239
-0.028205
-0.028223
-0.028250
-0.028325
-0.028273
-0.028195
-0.028421
-0.028237
-0.028399
-0.028308
-0.028347
-0.028235
-0.028276
-0.028239
-0.028409
-0.028314
-0.028378
-0.028313
-0.028343
-0.028243
-0.028377
-0.028332
-0.028283
-0.028421
-0.028346
-0.028329
-0.028346
-0.028400
-0.028337
-0.028127
-0.028353
-0.028316
-0.028242
-0.028307
-0.028211
-0.028297
-0.028290
-0.028294
-0.028334
-0.028355
-0.028372
-0.028392
-0.028216
-0.028364
-0.028421
-0.028312
-0.028373
-0.028303
-0.028321
-0.028293
-0.028188
-0.028241
-0.028307
-0.028265
-0.028375
-0.028223
-0.028245
-0.028248
-0.028240
-0.028286
-0.028224
-0.028384
-0.028269
-0.028311
-0.028332
-0.028211
-0.028315
-0.028388
-0.028361
