Orientation Order Parameter
0.054998
0.162228
0.185479
0.267115
0.268616
0.284721
0.322994
0.330355
0.427773
0.481399
0.487945
0.508800
0.497391
0.533911
0.519709
0.535030
0.529414
0.533539
0.562119
0.568444
0.549393
0.534589
0.525917
0.522464
0.552858
0.523866
0.509471
0.540624
0.540626
0.518668
0.511707
0.517608
0.531965
0.521334
0.521619
0.517260
0.509444
0.524968
0.532786
0.538450
0.534309
0.524010
0.514003
0.523403
0.508887
0.496354
0.487586
0.492696
0.487148
0.525346
0.501760
0.484555
0.499632
0.508656
0.490233
0.493946
0.483672
0.504718
0.506380
0.511960
0.491001
0.481731
0.481209
0.478374
0.522691
0.511976
0.527716
0.497074
0.487001
0.514638
0.495859
0.518791
0.530515
0.511012
0.522917
0.548759
0.522629
0.540544
0.502610
0.506834
0.513934
0.515965
0.516700
0.549164
0.532659
0.524662
0.537203
0.550733
0.564831
0.560438
0.544764
0.525097
0.505915
0.509405
0.500725
0.489650
0.497806
0.490267
0.508174
0.509604
0.516462
0.510444
0.508589
0.501738
0.490571
0.513402
0.519740
0.506926
0.468975
0.485640
0.495406
0.468311
0.456879
0.472175
0.495726
0.501220
0.468569
0.493017
0.473608
0.501352
0.477010
0.470387
0.478520
0.475061
0.454364
0.482256
0.476445
0.481207
0.491413
0.501863
0.503487
0.492717
0.480983
0.510147
0.515444
0.511056
0.503267
0.519534
0.481427
0.516739
0.524899
0.502273
0.525052
0.516847
0.498876
0.507493
0.530525
0.511614
0.509566
0.519377
0.509178
0.531163
0.522074
0.528477
0.527093
0.532438
0.512365
0.542155
0.542261
0.544017
0.529335
0.515186
0.511241
0.533386
0.511448
0.515477
0.501500
0.488378
0.518418
0.480878
0.491784
0.480942
0.489677
0.457536
0.452616
0.475682
0.464958
0.475473
0.470988
0.491691
0.496555
0.510848
0.497233
0.517920
0.524184
0.502821
0.539451
0.524495
0.511575
0.517725
0.479183
0.496895
0.513286
0.522729
0.502249
0.511206
0.521821
0.536300
0.523628
0.513591
0.527656
0.502101
0.514648
0.538864
0.525847
0.517104
0.513132
0.514071
0.531693
0.527782
0.497414
0.517966
0.508353
0.507877
0.502236
0.526243
0.510216
0.524452
0.491061
0.463542
0.477066
0.474744
0.475494
0.472400
0.490563
0.497386
0.505973
0.501083
0.519755
0.505476
0.521156
0.519795
0.495384
0.509491
0.527478
0.524369
0.519505
0.513768
0.529406
0.537799
0.514211
0.494380
0.512203
0.536594
0.538183
0.537063
0.519486
0.521596
0.551927
0.533758
0.511188
0.499555
0.511212
0.479220
0.503567
0.513664
0.521390
0.500625
0.527841
0.504245
0.498223
0.507507
0.483988
0.511810
0.502067
0.503302
0.509736
0.503350
0.531854
0.519160
0.514123
0.540370
0.527255
0.527327
0.519475
0.545633
0.533559
0.513767
0.528328
0.527640
0.528208
0.513911
0.534714
0.533005
0.505878
0.510228
0.497498
0.496142
0.495656
0.510902
0.504320
0.533620
0.540743
0.525895
0.540723
0.538680
0.552601
0.525986
0.524689
0.531727
0.522030
0.515426
0.504929
0.481029
0.497074
0.500724
0.515745
0.502321
0.505397
0.540446
0.498323
0.511923
0.489137
0.515216
0.506194
0.495614
0.514128
0.513997
0.545886
0.542660
0.553861
0.547734
0.534845
0.548057
0.525995
0.511096
0.525217
0.519343
0.498953
0.503648
0.510741
0.525067
0.538646
0.549575
0.562194
0.549127
0.519206
0.514204
0.523135
0.535517
0.545463
0.516995
0.533435
0.543964
0.522114
0.533785
0.535379
0.526737
0.529120
0.558162
0.555867
0.540679
0.549833
0.554423
0.527864
0.528252
0.521715
0.521067
0.528746
0.538970
0.545246
0.537966
0.549041
0.550498
0.557746
0.572448
0.550396
0.567617
0.571712
0.581043
0.579860
0.564646
0.560792
0.572303
0.552627
0.556639
0.563806
0.576292
0.581332
0.582813
0.554283
0.547276
0.555253
0.588918
0.572815
0.561710
0.556942
0.562496
0.559819
0.567684
0.572054
0.559460
0.579883
0.568516
0.571082
0.584091
0.549763
0.557301
0.537003
0.557967
0.587064
0.584834
0.580952
0.559598
0.568332
0.558987
0.539693
0.560272
0.545647
0.552935
0.521453
0.523740
0.529219
0.534431
0.530395
0.502957
0.514824
0.522990
0.531933
0.506668
0.528584
0.544066
0.532431
0.538301
0.520032
0.516319
0.519257
0.537750
0.517903
0.517538
0.513941
0.492430
0.505041
0.484641
0.472646
0.469508
0.491660
0.472048
0.482684
0.490639
0.495477
0.492815
0.494966
0.491999
0.505140
0.491310
0.495780
0.491842
0.526584
0.496841
0.502727
0.511122
0.501911
0.512301
0.531737
0.499641
0.499000
0.488490
0.496192
0.529031
0.532859
0.522573
0.518126
0.532375
0.527912
0.534350
0.542339
0.521198
0.508873
0.519100
0.520045
0.530173
0.512355
0.511899
0.514810
0.520241
0.520428
0.494326
0.515011
0.526869
0.537195
0.535726
0.538168
0.510477
0.534278
0.529806
0.529933
0.539290
0.524953
0.499767
0.491084
0.506876
0.479220
0.513907
0.484854
0.506919
0.510836
0.487293
0.511591
0.493135
0.529826
0.521786
0.505250
0.491801
0.508650
0.517781
0.519570
0.531825
0.529495
0.502195
0.512938
0.521221
0.520225
0.511521
0.502719
0.478131
0.507452
0.517549
0.484292
0.496197
0.497363
0.516771
0.520650
0.529633
0.518098
0.502308
0.536084
0.549061
0.573394
0.556915
0.552845
0.532558
0.531156
0.552155
0.503904
0.500001
0.497591
0.507269
0.512973
0.543481
0.510451
0.508119
0.511886
0.522995
0.519893
0.538196
0.525905
0.519815
0.518748
0.513715
0.512644
0.515332
0.496785
0.504828
0.494745
0.501535
0.505892
0.512650
0.514523
0.527352
0.535320
0.527281
0.538965
0.541443
0.530150
0.501669
0.510504
0.499600
0.503735
0.507221
0.512072
0.500027
0.496401
0.537264
0.502660
0.524530
0.536220
0.515881
0.530055
0.525608
0.509932
0.520214
0.514743
0.520402
0.533138
0.520638
0.516132
0.501227
0.524130
0.550589
0.530607
0.526268
0.527179
0.506274
0.510445
0.496128
0.509951
0.526860
0.536015
0.529641
0.536538
0.536619
0.536001
0.542156
0.531675
0.554871
0.550906
0.526238
0.532961
0.506988
0.508391
0.522995
0.500206
0.505636
0.499660
0.496180
0.510422
0.521075
0.527421
0.525350
0.513056
0.513683
0.515294
0.498935
0.507226
0.517342
0.521284
0.501026
0.495649
0.510140
0.508971
0.520859
0.529430
0.542059
0.522552
0.520371
0.535907
0.504251
0.505565
0.514168
0.516515
0.530217
0.553005
0.543935
0.536522
0.524935
0.519170
0.528720
0.502085
0.511968
0.503623
0.511164
0.507845
0.524172
0.531234
0.513675
0.516803
0.534599
0.531401
0.537356
0.535020
0.522028
0.535396
0.538886
0.530823
0.545846
0.544222
0.543393
0.543543
0.520147
0.507569
0.507236
0.533691
0.513551
0.518045
0.535106
0.531725
0.536520
0.519357
0.532353
0.508986
0.505718
0.487351
0.510995
0.483677
0.512203
0.505968
0.521817
0.520393
0.524516
0.541195
0.536821
0.527624
0.521871
0.526083
0.503482
0.512810
0.484500
0.485831
0.480596
0.491245
0.525015
0.525130
0.533202
0.516539
0.515601
0.491825
0.508511
0.505237
0.507616
0.525791
0.508199
0.517138
0.522158
0.525942
0.532142
0.524363
0.540566
0.537437
0.532118
0.531092
0.536243
0.543751
0.552399
0.551154
0.546205
0.553643
0.540390
0.537952
0.544501
0.519457
0.524027
0.520236
0.534059
0.555783
0.531124
0.536441
0.544810
0.551096
0.547833
0.550659
0.543086
0.562976
0.538194
0.531559
0.541563
0.525874
0.519328
0.528301
0.519549
0.523558
0.555608
0.542342
0.546298
0.571366
0.572574
0.550233
0.565903
0.601285
0.584090
0.550125
0.555463
0.533392
0.529388
0.531276
0.543529
0.531616
0.526219
0.551992
0.557228
0.540136
0.524462
0.521243
0.541413
0.550670
0.541840
0.538479
0.523431
0.514966
0.504824
0.501681
0.519383
0.540190
0.534532
0.557011
0.561635
0.566827
0.566816
0.568193
0.562273
0.573140
0.569279
0.569797
0.561904
0.551387
0.551046
0.560848
0.562637
0.583314
0.555228
0.590902
0.595041
0.571755
0.531087
0.517378
0.520155
0.520147
0.533982
0.548831
0.546191
0.550426
0.560483
0.554124
0.552901
0.554604
0.532386
0.513369
0.503164
0.508554
0.500224
0.512413
0.528518
0.500249
0.510324
0.489082
0.532639
0.525360
0.520905
0.496690
0.507526
0.521394
0.502868
0.517683
0.493187
0.524495
0.538992
0.552053
0.542733
0.527414
0.518640
0.531696
0.530410
0.508477
0.503527
0.512291
0.510217
0.526384
0.540110
0.534594
0.552423
0.562806
0.559327
0.520192
0.521974
0.527159
0.531984
0.547577
0.528931
0.538675
0.535079
0.532425
0.515435
0.539332
0.515084
0.498665
0.507300
0.504918
0.499935
0.499754
0.489512
0.512321
0.499482
0.507535
0.487027
0.491626
0.504417
0.502358
0.533811
0.527472
0.511525
0.511034
0.518588
0.520191
0.517964
0.516091
0.538851
0.548031
0.518131
0.542123
0.555210
0.554767
0.549339
0.517718
0.514910
0.519793
0.518469
0.518532
0.509795
0.494641
0.483062
0.495788
0.498193
0.503591
0.500827
0.534363
0.525624
0.524418
0.495686
0.494216
0.506623
0.515836
0.523179
0.491907
0.504242
0.484632
0.497661
0.481572
0.481476
0.502831
0.500542
0.476380
0.480461
0.498364
0.519741
0.504642
0.498439
0.498413
0.512902
0.516653
0.527550
0.522106
0.526251
0.551217
0.530268
0.524859
0.507411
0.492294
0.492636
0.506217
0.515838
0.532477
0.517647
0.514224
0.525454
0.546217
0.543242
0.528387
0.517742
0.512361
0.506781
0.498960
0.507693
0.519941
0.514973
0.507296
0.514139
0.524147
0.536863
0.535095
0.531490
0.525533
0.545163
0.538718
0.562947
0.565124
0.557994
0.556233
0.525310
0.527581
0.539062
0.548402
0.535036
0.536778
0.523315
0.529427
0.531262
0.520630
0.537155
0.515158
0.524228
0.526579
0.513226
0.552301
0.533556
0.528876
0.511537
0.502306
0.499583
0.480170
0.504612
0.521770
0.520797
0.517601
0.503174
0.513710
0.518864
0.498207
0.504733
0.509678
0.517850
