Specific Heat
0
5.598240116e-006
8.010088673e-006
7.954632484e-006
7.344300116e-006
6.156505606e-006
6.963576956e-005
0.0001135950386
0.0001216898282
0.0001121026361
0.0001134183222
0.0001040428608
9.615576918e-005
9.602909064e-005
9.561573105e-005
9.190241803e-005
9.637161949e-005
9.408470718e-005
8.971773831e-005
8.546905861e-005
8.286747735e-005
8.313470594e-005
8.010197587e-005
9.421791152e-005
9.115042916e-005
9.184707153e-005
9.744020148e-005
9.505611321e-005
9.434845217e-005
9.169617399e-005
8.874323046e-005
8.797942578e-005
0.0001031010914
0.0001065922619
0.0001119987941
0.0001089730157
0.0001167204292
0.0001159328353
0.0001138354057
0.0001109987229
0.000110238378
0.0001082946698
0.0001071837306
0.000105705266
0.0001046574877
0.0001046518475
0.0001026365257
0.0001007001161
0.0001027998314
0.0001011440538
0.0001018381008
0.0001010390824
9.942360182e-005
9.859744749e-005
9.722305453e-005
0.0001019294798
0.0001008390267
0.0001021298243
0.0001073148753
0.0001055513362
0.0001045970226
0.0001057835257
0.0001041701055
0.000103238141
0.0001041691769
0.0001050640977
0.0001045763638
0.0001052233566
0.0001036983911
0.0001036411775
0.0001046161024
0.0001034489673
0.000102197274
0.000101878755
0.0001006305919
0.0001020126671
0.000101618465
0.0001009490953
9.978746483e-005
0.000101307042
0.0001009569636
9.973730606e-005
9.881652109e-005
9.765680696e-005
0.0001037807456
0.000102728273
0.0001030838525
0.000104387055
0.0001036878975
0.000102860196
0.0001017298935
0.0001032385837
0.0001024772973
0.0001025244766
0.0001014500762
0.0001013617203
0.0001003195627
0.0001000406175
9.908966666e-005
0.0001005514189
0.0001002328646
0.0001002173432
0.0001008249382
0.0001002588677
9.994357886e-005
9.983715592e-005
0.0001029785394
0.0001039522049
0.0001035167058
0.000102586173
0.0001019185446
0.0001020178207
0.0001021641146
0.0001013400391
0.0001004858994
9.976228341e-005
9.925634845e-005
9.862267396e-005
9.789026399e-005
9.707452836e-005
9.631848123e-005
9.609038022e-005
9.546895042e-005
9.475738659e-005
9.405455965e-005
9.472853949e-005
9.399213627e-005
9.447286771e-005
9.601585125e-005
9.618735058e-005
9.545310825e-005
9.532979082e-005
9.463063053e-005
9.592592222e-005
0.000104645981
0.0001079358426
0.0001072247715
0.0001065379284
0.0001058539781
0.0001050993616
0.0001043586545
0.0001036416187
0.0001053793332
0.0001052750913
0.0001045993733
0.00010388593
0.0001035917985
0.0001038948671
0.0001038827534
0.0001036282268
0.0001039201122
0.0001033455493
0.0001026774404
0.0001035828567
0.000102915484
0.0001023946394
0.0001028333857
0.0001028058571
0.0001022972889
0.0001016641726
0.0001013385641
0.0001019600703
0.0001015885036
0.0001025189869
0.0001038941705
0.0001035646797
0.0001038964906
0.0001034108017
0.0001028198268
0.0001025071803
0.0001019875889
0.0001020553414
0.000101916698
0.0001018423945
0.0001012733556
0.0001008530499
0.0001002986863
9.986566605e-005
9.931686237e-005
0.0001000976586
9.965891215e-005
9.91122743e-005
9.91608125e-005
9.867965776e-005
9.845012122e-005
9.897322146e-005
9.890113147e-005
9.872459001e-005
9.854584966e-005
9.807266068e-005
9.772912497e-005
9.793426179e-005
9.743299528e-005
9.693825178e-005
9.72915209e-005
9.693668733e-005
9.644539756e-005
9.595945926e-005
9.564772854e-005
9.517497831e-005
9.61771807e-005
9.570367952e-005
9.523812533e-005
9.486968285e-005
9.475664944e-005
9.437705488e-005
9.436091945e-005
9.391720131e-005
9.349213834e-005
9.396466782e-005
9.357931232e-005
9.374855009e-005
9.514690676e-005
9.513469959e-005
9.469233421e-005
9.515820917e-005
9.475596625e-005
9.580560083e-005
9.559766961e-005
9.516316369e-005
9.534092493e-005
9.509207697e-005
9.466586957e-005
9.424841779e-005
9.47047975e-005
9.428591074e-005
9.399172935e-005
9.36845917e-005
9.332642692e-005
9.302137162e-005
9.291810176e-005
9.279070534e-005
9.312667879e-005
9.318079531e-005
9.294735039e-005
9.26729661e-005
9.2311629e-005
9.280490924e-005
9.406617626e-005
9.395272451e-005
9.468395475e-005
9.432169467e-005
9.423067335e-005
9.414876564e-005
9.378474696e-005
9.365597599e-005
9.457684246e-005
9.424180429e-005
9.455906006e-005
9.422184697e-005
9.409092308e-005
9.393610003e-005
9.422520314e-005
9.400006328e-005
9.363959195e-005
9.476490938e-005
9.464966197e-005
9.439703698e-005
9.428249051e-005
9.493091191e-005
9.473325812e-005
9.681888689e-005
9.676810883e-005
9.644426052e-005
9.631434711e-005
9.596765926e-005
9.619195757e-005
9.583446228e-005
9.547896927e-005
9.512539362e-005
9.491780427e-005
9.489259387e-005
9.506662246e-005
9.553125107e-005
9.569542985e-005
9.57587171e-005
9.676636105e-005
9.64445271e-005
9.66115337e-005
9.627171424e-005
9.598548445e-005
9.564551234e-005
9.623877576e-005
9.613495458e-005
9.581014519e-005
9.554626825e-005
9.573859432e-005
9.581618389e-005
9.568308644e-005
9.552073976e-005
9.542590491e-005
9.510365472e-005
9.515994267e-005
9.547911163e-005
9.52032849e-005
9.490384714e-005
9.469704397e-005
9.491653155e-005
9.463465304e-005
9.500281892e-005
9.502991894e-005
