Energy per particle (eV)
-0.028210
-0.027985
-0.028249
-0.027973
-0.028138
-0.027941
-0.028070
-0.027955
-0.028064
-0.028209
-0.028251
-0.028336
-0.028194
-0.028029
-0.028110
-0.028151
-0.027764
-0.027977
-0.027953
-0.028410
-0.028055
-0.027808
-0.028162
-0.028053
-0.028129
-0.027862
-0.028479
-0.028271
-0.028077
-0.028242
-0.028191
-0.028310
-0.027945
-0.028096
-0.028100
-0.028172
-0.028354
-0.028220
-0.028166
-0.027856
-0.027980
-0.028017
-0.028063
-0.028059
-0.028316
-0.027973
-0.028163
-0.028196
-0.028226
-0.028227
-0.028261
-0.028240
-0.028252
-0.028228
-0.028034
-0.027989
-0.028185
-0.027909
-0.028067
-0.028036
-0.027983
-0.028128
-0.028048
-0.027824
-0.028046
-0.028056
-0.028067
-0.028163
-0.028165
-0.027817
-0.028021
-0.028104
-0.028156
-0.028256
-0.027940
-0.028182
-0.028169
-0.028388
-0.028340
-0.028289
-0.028216
-0.028187
-0.028013
-0.027946
-0.028231
-0.028213
-0.028143
-0.028217
-0.028171
-0.028067
-0.027958
-0.028138
-0.028165
-0.028142
-0.028155
-0.028244
-0.028235
-0.028162
-0.028012
-0.027979
-0.028056
-0.028222
-0.028296
-0.028278
-0.028017
-0.028278
-0.028178
-0.028113
-0.028028
-0.027903
-0.028064
-0.028021
-0.028300
-0.028330
-0.027965
-0.028134
-0.028238
-0.028089
-0.027981
-0.027993
-0.028218
-0.028161
-0.028464
-0.028062
-0.028046
-0.028100
-0.028157
-0.028257
-0.027991
-0.028138
-0.028233
-0.028002
-0.028244
-0.028416
-0.028250
-0.028362
-0.028055
-0.028153
-0.028182
-0.027966
-0.028097
-0.028297
-0.027939
-0.028208
-0.028098
-0.028057
-0.028138
-0.028045
-0.028045
-0.028099
-0.028056
-0.028166
-0.028042
-0.028357
-0.028109
-0.028158
-0.028107
-0.028095
-0.028233
-0.028214
-0.027967
-0.027933
-0.028000
-0.027911
-0.027980
-0.028194
-0.028313
-0.027980
-0.028165
-0.027928
-0.028067
-0.028123
-0.027980
-0.027877
-0.028313
-0.028040
-0.028210
-0.027886
-0.027815
-0.028222
-0.028153
-0.028004
-0.028155
-0.027959
-0.028317
-0.028211
-0.028176
-0.028016
-0.028212
-0.027828
-0.027808
-0.028005
-0.028129
-0.028204
-0.028214
-0.027971
-0.028126
-0.028108
-0.028266
-0.028011
-0.027859
-0.027966
-0.028163
-0.028107
-0.028120
-0.028402
-0.028071
-0.028147
-0.028064
-0.028083
-0.028196
-0.028078
-0.028054
-0.028125
-0.028030
-0.028147
-0.028027
-0.028180
-0.028053
-0.027934
-0.028402
-0.028300
-0.028158
-0.028143
-0.028108
-0.027739
-0.028213
-0.028154
-0.028035
-0.027933
-0.028139
-0.028079
-0.028274
-0.028251
-0.028082
-0.028061
-0.028092
-0.028244
-0.028012
-0.027977
-0.028157
-0.028109
-0.027955
-0.028188
-0.028021
-0.028365
-0.028507
-0.028244
-0.028102
-0.028459
-0.028085
-0.028147
-0.028116
-0.028132
-0.028042
-0.028258
-0.027925
-0.028130
-0.028129
-0.027801
-0.028045
-0.028308
-0.028046
-0.028032
-0.027780
-0.028098
-0.028298
-0.028150
-0.028037
-0.028224
-0.028338
-0.028115
-0.028087
-0.028211
-0.028242
-0.028056
-0.028223
-0.028013
-0.028071
-0.028067
-0.027889
-0.028099
-0.028032
-0.028069
-0.028087
-0.028045
-0.027974
-0.027968
-0.028017
-0.027967
-0.028043
-0.028118
-0.028343
-0.028147
-0.028124
-0.028044
-0.028207
-0.028102
-0.028331
-0.028192
-0.028324
-0.028195
-0.028161
-0.028453
-0.028297
-0.028205
-0.028260
-0.028067
-0.028264
-0.028114
-0.028104
-0.028230
-0.028284
-0.028367
-0.028234
-0.028202
-0.028464
-0.028165
-0.028366
-0.028135
-0.028287
-0.027999
-0.028347
-0.028309
-0.028104
-0.028137
-0.028197
-0.028152
-0.027982
-0.028141
-0.028106
-0.027914
-0.028159
-0.028161
-0.028072
-0.028257
-0.028188
-0.028046
-0.028230
-0.028339
-0.027982
-0.028051
-0.028095
-0.028237
-0.028176
-0.027806
-0.028093
-0.028173
-0.028219
-0.028185
-0.028294
-0.027984
-0.028189
-0.028421
-0.027993
-0.028114
-0.028053
-0.028125
-0.028021
-0.028248
-0.028018
-0.028310
-0.028292
-0.028380
-0.028233
-0.028109
-0.028108
-0.028031
-0.027887
-0.028077
-0.027987
-0.028087
-0.027957
-0.028134
-0.028320
-0.028187
-0.028123
-0.028279
-0.027852
-0.028135
-0.028090
-0.028261
-0.028290
-0.028274
-0.028064
-0.028129
-0.028064
-0.028352
-0.028165
-0.028245
-0.028175
-0.028128
-0.028031
-0.028157
-0.028185
-0.028144
-0.028171
-0.028227
-0.028099
-0.028254
-0.028013
-0.028120
-0.027942
-0.027819
-0.028180
-0.028273
-0.028015
-0.028294
-0.028054
-0.028117
-0.028291
-0.028159
-0.027999
-0.028065
-0.028333
-0.028247
-0.028546
-0.028149
-0.028318
-0.028169
-0.028014
-0.027732
-0.028013
-0.028203
-0.027963
-0.028021
-0.028128
-0.027998
-0.028191
-0.027948
-0.028070
-0.028235
-0.028363
-0.028375
-0.028126
-0.028164
-0.028313
-0.028142
-0.028251
-0.028139
-0.028146
-0.027988
-0.028072
-0.028207
-0.028068
-0.027979
-0.027886
-0.027958
-0.028025
-0.028101
-0.028196
-0.028263
-0.028062
-0.028151
-0.027882
-0.027904
-0.027824
-0.028110
-0.028250
-0.028190
-0.028199
-0.028246
-0.028246
-0.028339
-0.027968
-0.027924
-0.027988
-0.028317
-0.028172
-0.028303
-0.028022
-0.028016
-0.028239
-0.028178
-0.028104
-0.028009
-0.028043
-0.028143
-0.027994
-0.028079
-0.028043
-0.028192
-0.028030
-0.028266
-0.028078
-0.028213
-0.028163
-0.027983
-0.028127
-0.028076
-0.028257
-0.028187
-0.027965
-0.028111
-0.028143
-0.028121
-0.028104
-0.028185
-0.027935
-0.028175
-0.027990
-0.028155
-0.028301
-0.028152
-0.028273
-0.028286
-0.028049
-0.028155
-0.028078
-0.028157
-0.028239
-0.028125
-0.027828
-0.028263
-0.027910
-0.028027
-0.028008
-0.027910
-0.028209
-0.028065
-0.027958
-0.028056
-0.028183
-0.028277
-0.028027
-0.028143
-0.028033
-0.028026
-0.028301
-0.028286
-0.028057
-0.028222
-0.028043
-0.028094
-0.028018
-0.028108
-0.028185
-0.028130
-0.028075
-0.028367
-0.028399
-0.028090
-0.028054
-0.028193
-0.028290
-0.028139
-0.028098
-0.028065
-0.027981
-0.028087
-0.028237
-0.028200
-0.028208
-0.027842
-0.028081
-0.028168
-0.028037
-0.028266
-0.028067
-0.028271
-0.028277
-0.028116
-0.027955
-0.028037
-0.028298
-0.028321
-0.027807
-0.028244
-0.028092
-0.028073
-0.027966
-0.028103
-0.028396
-0.028177
-0.028060
-0.028102
-0.027981
-0.028203
-0.028215
-0.028007
-0.028142
-0.028206
-0.028203
-0.028152
-0.028024
-0.027886
-0.028228
-0.028080
-0.027967
-0.028109
-0.028357
-0.028075
-0.028355
-0.027902
-0.028054
-0.028074
-0.028232
-0.027937
-0.027943
-0.028035
-0.027764
-0.027932
-0.027994
-0.027819
-0.027843
-0.028121
-0.028024
-0.028044
-0.027981
-0.027827
-0.027852
-0.027957
-0.028348
-0.028338
-0.028060
-0.028087
-0.028093
-0.028259
-0.028386
-0.028167
-0.028149
-0.027866
-0.028001
-0.028289
-0.028175
-0.028219
-0.027977
-0.027791
-0.028007
-0.028112
-0.027973
-0.028095
-0.028072
-0.027847
-0.028021
-0.028228
-0.028147
-0.027926
-0.028104
-0.027871
-0.028259
-0.028136
-0.028313
-0.028232
-0.028017
-0.027945
-0.028130
-0.027973
-0.028265
-0.028125
-0.028259
-0.028105
-0.028340
-0.028243
-0.028095
-0.028342
-0.028335
-0.028405
-0.028122
-0.028100
-0.028333
-0.028143
-0.028244
-0.028317
-0.028454
-0.028390
-0.028063
-0.028424
-0.028114
-0.028191
-0.028174
-0.028052
-0.028080
-0.028144
-0.028277
-0.028141
-0.028248
-0.028234
-0.028344
-0.028173
-0.028156
-0.028041
-0.027848
-0.028157
-0.027886
-0.027818
-0.027902
-0.027879
-0.028144
-0.028170
-0.028137
-0.028148
-0.027958
-0.028114
-0.028406
-0.028131
-0.028032
-0.028037
-0.028116
-0.028161
-0.027979
-0.028073
-0.028159
-0.028126
-0.028230
-0.028168
-0.028123
-0.028294
-0.028212
-0.028287
-0.028198
-0.028089
-0.028018
-0.028156
-0.028062
-0.028026
-0.028102
-0.028144
-0.028093
-0.028012
-0.028306
-0.028183
-0.027953
-0.028270
-0.028358
-0.028165
-0.028186
-0.028239
-0.028391
-0.028182
-0.028322
-0.028079
-0.028342
-0.028135
-0.028343
-0.027991
-0.028242
-0.027948
-0.027946
-0.028064
-0.028251
-0.028134
-0.028037
-0.028171
-0.028266
-0.028199
-0.027897
-0.028078
-0.027930
-0.027993
-0.028085
-0.028182
-0.028253
-0.028214
-0.028099
-0.028033
-0.028155
-0.028262
-0.028114
-0.028182
-0.028101
-0.028188
-0.028243
-0.028234
-0.028084
-0.028385
-0.028391
-0.028121
-0.028127
-0.027892
-0.028234
-0.028125
-0.028304
-0.028066
-0.028222
-0.028203
-0.028306
-0.028124
-0.028187
-0.028013
-0.028124
-0.028140
-0.028117
-0.028222
-0.028256
-0.028338
-0.028135
-0.028287
-0.028160
-0.028147
-0.027975
-0.027837
-0.028246
-0.027987
-0.028242
-0.028061
-0.028114
-0.028095
-0.028039
-0.028287
-0.028233
-0.028090
-0.028126
-0.028187
-0.028025
-0.028013
-0.028154
-0.028186
-0.027820
-0.028138
-0.028077
-0.028119
-0.028251
-0.028149
-0.028017
-0.027952
-0.028426
-0.028188
-0.028131
-0.028260
-0.028204
-0.028308
-0.028181
-0.028214
-0.028054
-0.028142
-0.028236
-0.027999
-0.027844
-0.028293
-0.028155
-0.028260
-0.028145
-0.028390
-0.028144
-0.027974
-0.027913
-0.028152
-0.028018
-0.028082
-0.028095
-0.028031
-0.028094
-0.028173
-0.027931
-0.028126
-0.028119
-0.028028
-0.028268
-0.028020
-0.027935
-0.028077
-0.027838
-0.028148
-0.028130
-0.028231
-0.027834
-0.028097
-0.028261
-0.028539
-0.028271
-0.028040
-0.028091
-0.028076
-0.028230
-0.028305
-0.028190
-0.028177
-0.028036
-0.028052
-0.028096
-0.028239
-0.027984
-0.027936
-0.027928
-0.028189
-0.028214
-0.028155
-0.027968
-0.027927
-0.028156
-0.028055
-0.028233
-0.028084
-0.027930
-0.028022
-0.027963
-0.028081
-0.027834
-0.028010
-0.027931
-0.027959
-0.028033
-0.028258
-0.028222
-0.028062
-0.028106
-0.028199
-0.027854
-0.028001
-0.028299
-0.028037
-0.028136
-0.028073
-0.028079
-0.028187
-0.028001
-0.028104
-0.027966
-0.028111
-0.028243
-0.028124
-0.028323
-0.028198
-0.028039
-0.028140
-0.028017
-0.027917
-0.028115
-0.028006
-0.027848
-0.028223
-0.028133
-0.028242
-0.028106
-0.028297
-0.028239
-0.028006
-0.028132
-0.028262
-0.028123
-0.028051
-0.028247
-0.028119
-0.028151
-0.028088
-0.028057
-0.028263
-0.028260
-0.028194
-0.028071
-0.028083
-0.028066
-0.028047
-0.028194
-0.028089
-0.027936
-0.027897
-0.028021
-0.028029
-0.028271
-0.028201
-0.028046
-0.028041
-0.028245
-0.028342
-0.028067
-0.027946
-0.027725
-0.027889
-0.028068
-0.028292
-0.028416
-0.028295
-0.028154
-0.028310
-0.028105
-0.028173
-0.027882
-0.028188
-0.028202
-0.028195
-0.028197
-0.028045
-0.028129
-0.028319
-0.028207
-0.028233
-0.028361
-0.028183
-0.028155
-0.028415
-0.028238
-0.028029
-0.028176
-0.027981
-0.028132
-0.028160
-0.028155
-0.027891
-0.028230
-0.028007
-0.027881
-0.028264
-0.027993
-0.028007
-0.028020
-0.028041
-0.028047
-0.028015
