Orientation Order Parameter
0.942110
0.934083
0.942645
0.929062
0.936258
0.934914
0.930930
0.908632
0.936143
0.943619
0.939644
0.947142
0.940502
0.914858
0.925079
0.932877
0.927905
0.928472
0.922977
0.949122
0.933059
0.920753
0.928580
0.918305
0.939263
0.929837
0.945003
0.928380
0.925480
0.937141
0.944172
0.948513
0.928311
0.935963
0.934523
0.937716
0.934838
0.936692
0.933997
0.918709
0.926935
0.924954
0.937511
0.946249
0.954719
0.932884
0.937274
0.945317
0.933438
0.935579
0.939229
0.936891
0.945542
0.945388
0.930085
0.920769
0.941477
0.936806
0.933992
0.936921
0.934234
0.924152
0.936087
0.924669
0.933891
0.932266
0.938276
0.937942
0.934506
0.921515
0.913288
0.935936
0.938535
0.937177
0.920601
0.937972
0.937475
0.941806
0.946409
0.932577
0.940417
0.933424
0.922765
0.936064
0.943845
0.938328
0.932457
0.945601
0.934095
0.934728
0.928397
0.931717
0.927719
0.935895
0.942659
0.943539
0.942063
0.938018
0.926932
0.932922
0.937195
0.951348
0.941276
0.945066
0.938168
0.951509
0.940240
0.920243
0.931970
0.926024
0.939570
0.936034
0.937382
0.937438
0.923153
0.939434
0.943233
0.936584
0.935470
0.936400
0.938971
0.923501
0.942620
0.927849
0.915544
0.923794
0.928518
0.934165
0.936538
0.942972
0.939791
0.936896
0.951104
0.952664
0.942028
0.940678
0.932912
0.938536
0.940765
0.923555
0.940384
0.948724
0.922966
0.937060
0.928152
0.942562
0.929909
0.937656
0.934493
0.928516
0.928256
0.936327
0.932534
0.931006
0.926941
0.933439
0.930072
0.933153
0.932397
0.927768
0.927714
0.927631
0.934468
0.923035
0.917728
0.930935
0.942730
0.931536
0.935933
0.910561
0.931905
0.937499
0.911046
0.924414
0.942306
0.939937
0.932434
0.924829
0.920798
0.934813
0.939486
0.920481
0.931112
0.938024
0.946902
0.943431
0.934328
0.925048
0.926400
0.921585
0.930613
0.936456
0.937150
0.940508
0.931874
0.922526
0.921056
0.940477
0.946325
0.927014
0.923479
0.931087
0.929302
0.938817
0.927960
0.944806
0.930252
0.943840
0.936657
0.932766
0.938708
0.938036
0.935465
0.931318
0.937356
0.931532
0.929075
0.940666
0.934097
0.925911
0.949712
0.941687
0.942177
0.935491
0.929610
0.923231
0.937761
0.937492
0.929134
0.914239
0.928735
0.929469
0.946107
0.943058
0.931828
0.925071
0.930557
0.944771
0.921373
0.933154
0.935800
0.938804
0.936034
0.939672
0.942580
0.944198
0.953784
0.940683
0.934456
0.948765
0.937000
0.938739
0.935912
0.939330
0.932185
0.934997
0.930153
0.932233
0.936082
0.918050
0.937733
0.943354
0.938563
0.930166
0.923899
0.938366
0.938311
0.937456
0.939770
0.939704
0.946056
0.937833
0.940362
0.941851
0.942334
0.926091
0.938242
0.937947
0.941011
0.928895
0.936858
0.934730
0.930441
0.933599
0.938313
0.938478
0.924948
0.933539
0.938322
0.926490
0.948273
0.938496
0.941715
0.947059
0.935314
0.931406
0.928007
0.933193
0.949666
0.952323
0.949443
0.945233
0.931348
0.943113
0.949019
0.939085
0.949325
0.935315
0.931910
0.924184
0.921893
0.934495
0.938057
0.935946
0.933338
0.936856
0.947654
0.936012
0.936790
0.937770
0.938118
0.928872
0.940532
0.941749
0.939436
0.936399
0.930697
0.937212
0.931141
0.941881
0.934833
0.923162
0.938461
0.937330
0.943654
0.933481
0.938475
0.933748
0.944590
0.935862
0.927108
0.922383
0.928916
0.941562
0.938206
0.910257
0.929665
0.940666
0.936745
0.941529
0.941872
0.911239
0.933061
0.948208
0.936184
0.939788
0.931233
0.932708
0.929988
0.939310
0.933237
0.948738
0.947587
0.939610
0.939013
0.929750
0.938684
0.923680
0.914139
0.928192
0.931975
0.921291
0.929159
0.945192
0.949544
0.954130
0.943089
0.950543
0.930167
0.925717
0.932655
0.938982
0.942997
0.935942
0.929545
0.924962
0.937469
0.940304
0.948336
0.941671
0.937906
0.937650
0.932132
0.933550
0.934178
0.941853
0.939256
0.943544
0.938178
0.945273
0.920829
0.928480
0.917682
0.922600
0.936738
0.931862
0.923344
0.938514
0.918917
0.934531
0.950625
0.934801
0.924295
0.930963
0.947173
0.941219
0.960772
0.942078
0.923439
0.927459
0.930610
0.916766
0.934922
0.935716
0.933797
0.922496
0.925193
0.932663
0.944093
0.924738
0.935205
0.930567
0.942837
0.941392
0.928862
0.942389
0.947810
0.943765
0.940339
0.938065
0.940358
0.926614
0.918624
0.939361
0.941776
0.937973
0.926696
0.932587
0.935208
0.937884
0.941356
0.939816
0.932630
0.939894
0.920083
0.929052
0.929267
0.944651
0.949271
0.942800
0.945468
0.944611
0.939978
0.951051
0.932542
0.933110
0.933743
0.941060
0.941749
0.943727
0.926662
0.934069
0.948237
0.933074
0.934396
0.935211
0.933546
0.949950
0.942667
0.935082
0.931283
0.934904
0.935230
0.938645
0.932422
0.943840
0.931184
0.938308
0.933656
0.935719
0.951123
0.950629
0.929624
0.925394
0.942370
0.933625
0.933873
0.937528
0.932584
0.943754
0.937661
0.930167
0.945227
0.935902
0.934141
0.931130
0.925047
0.932321
0.927558
0.930872
0.952161
0.930895
0.917179
0.937369
0.941014
0.933721
0.935542
0.930040
0.944270
0.927652
0.936382
0.930911
0.936906
0.934080
0.920977
0.945500
0.923447
0.925549
0.940250
0.947015
0.927718
0.939680
0.929108
0.934703
0.929960
0.933356
0.939240
0.938689
0.938549
0.943393
0.949862
0.940951
0.928323
0.941765
0.944697
0.939726
0.943346
0.932990
0.918787
0.914628
0.937289
0.936020
0.939246
0.924334
0.942639
0.938262
0.938235
0.926313
0.930073
0.933711
0.943198
0.925961
0.927154
0.932607
0.934518
0.947301
0.927903
0.937915
0.938293
0.944205
0.920186
0.943884
0.946238
0.927439
0.935397
0.942850
0.923530
0.939365
0.929988
0.933120
0.935166
0.928705
0.936924
0.931806
0.938719
0.925334
0.947463
0.931418
0.936660
0.940014
0.941282
0.932825
0.943421
0.923388
0.929107
0.936429
0.932982
0.916599
0.924663
0.936956
0.926381
0.936948
0.945750
0.920219
0.914575
0.935463
0.924130
0.938860
0.938302
0.911619
0.927762
0.930679
0.951077
0.951874
0.938157
0.936356
0.922621
0.930495
0.946460
0.934310
0.939747
0.927412
0.926301
0.947628
0.936501
0.939894
0.929392
0.922568
0.927460
0.932299
0.921625
0.933380
0.930754
0.922550
0.938736
0.933293
0.935858
0.925115
0.947812
0.918116
0.940246
0.934962
0.953233
0.943158
0.927512
0.924745
0.928573
0.916619
0.937830
0.937306
0.940327
0.934825
0.950004
0.939369
0.931877
0.942623
0.940509
0.950610
0.925324
0.941323
0.951364
0.935356
0.936380
0.948979
0.942536
0.938463
0.939493
0.953609
0.934452
0.928087
0.932646
0.939309
0.939998
0.940976
0.945031
0.936506
0.942739
0.947363
0.944869
0.939658
0.948850
0.938419
0.931389
0.945738
0.931499
0.932539
0.917753
0.913721
0.928651
0.936289
0.939748
0.926566
0.927683
0.923771
0.944178
0.943194
0.926067
0.932711
0.936867
0.937389
0.933175
0.950070
0.940266
0.932539
0.926736
0.932963
0.930872
0.943039
0.939924
0.947705
0.943098
0.914902
0.931999
0.934197
0.938380
0.922594
0.937365
0.938327
0.945094
0.924063
0.942240
0.943320
0.934366
0.935824
0.951211
0.935613
0.938762
0.935335
0.945408
0.932134
0.943713
0.934247
0.946089
0.927054
0.931033
0.921454
0.943965
0.919101
0.927809
0.933383
0.949918
0.941613
0.934717
0.938095
0.943794
0.940953
0.925751
0.938370
0.932046
0.922959
0.932120
0.937748
0.940540
0.923924
0.930544
0.937404
0.935711
0.938876
0.933729
0.930792
0.920927
0.932967
0.950404
0.944604
0.943516
0.944292
0.944265
0.937646
0.922791
0.916862
0.940522
0.942169
0.943661
0.938933
0.936390
0.939862
0.943617
0.942511
0.948083
0.937581
0.942533
0.936781
0.936678
0.924890
0.931568
0.951987
0.939130
0.938087
0.938822
0.943749
0.927147
0.930115
0.939023
0.940406
0.936237
0.934106
0.921391
0.939431
0.933351
0.946947
0.931967
0.937212
0.935654
0.934214
0.936147
0.937700
0.935901
0.947334
0.932757
0.932742
0.933549
0.932790
0.942462
0.937748
0.937615
0.935290
0.950779
0.932935
0.928154
0.936691
0.930240
0.938285
0.939675
0.927723
0.913673
0.915397
0.939788
0.937073
0.938277
0.926128
0.934105
0.943444
0.939865
0.946779
0.938541
0.939045
0.934957
0.941240
0.941178
0.943213
0.942707
0.937916
0.941991
0.932531
0.925878
0.936975
0.943106
0.937123
0.946320
0.934791
0.927288
0.938602
0.925054
0.940597
0.934472
0.935233
0.926861
0.931826
0.944385
0.952043
0.944971
0.922684
0.939544
0.938508
0.945531
0.934290
0.934240
0.936481
0.923321
0.915018
0.940372
0.940888
0.934229
0.937848
0.934401
0.936976
0.925101
0.930498
0.933677
0.922108
0.943322
0.933347
0.945587
0.929466
0.926992
0.945811
0.933370
0.931875
0.914267
0.938736
0.908326
0.924508
0.946675
0.952360
0.948223
0.937816
0.925117
0.941443
0.927747
0.928934
0.930921
0.945605
0.936983
0.926917
0.938061
0.940359
0.923372
0.935555
0.924212
0.938786
0.937032
0.927787
0.945784
0.943127
0.932045
0.931862
0.937485
0.925981
0.931359
0.924936
0.930813
0.933263
0.943332
0.939391
0.939773
0.944488
0.937605
0.920499
0.931727
0.945989
0.938422
0.938710
0.943639
0.944884
0.943108
0.938166
0.942554
0.940092
0.949197
0.941786
0.933244
0.921124
0.933537
0.927430
0.938840
0.937792
0.926835
0.909750
0.929681
0.933799
0.950023
0.940950
0.942574
0.939542
0.935525
0.936384
0.934994
0.931057
0.929203
0.933195
0.935813
0.946095
0.942693
0.938282
0.939937
0.946816
0.925779
0.930398
0.924347
0.944423
0.935967
0.947722
0.945531
0.930339
0.939159
0.934113
0.945393
0.948262
0.939590
0.931847
0.933464
0.945624
0.948181
0.932599
0.939771
0.924608
0.933931
0.938050
0.930806
0.924435
0.938514
0.927390
0.933356
0.932720
0.897550
0.923633
0.921776
0.933975
0.926005
0.927273
