Specific Heat
0
4.773237086e-005
3.18294838e-005
3.226552093e-005
2.681611888e-005
3.600662078e-005
3.239425438e-005
2.83573306e-005
4.107138785e-005
3.925558964e-005
4.440696555e-005
4.11864513e-005
4.053276817e-005
4.550559224e-005
4.248012203e-005
4.252191161e-005
4.463463877e-005
4.256824151e-005
4.034213904e-005
3.885445085e-005
4.098713176e-005
4.703562225e-005
4.550542365e-005
5.163794746e-005
5.382022271e-005
6.221793797e-005
5.999082417e-005
5.816602642e-005
5.775628501e-005
6.66542602e-005
6.460146007e-005
6.720985097e-005
6.642748947e-005
6.981019053e-005
6.798113135e-005
7.097101173e-005
7.401499624e-005
7.292392764e-005
7.809177336e-005
8.280580475e-005
8.198001725e-005
8.127894771e-005
7.946359883e-005
7.952061566e-005
7.77917904e-005
7.76325751e-005
7.619680779e-005
8.268396704e-005
8.163528765e-005
8.554055243e-005
8.64890402e-005
8.520116063e-005
8.376624437e-005
8.348239848e-005
8.245670233e-005
8.120836671e-005
8.104093594e-005
7.965734768e-005
7.966004824e-005
7.842793666e-005
7.727147303e-005
7.620729547e-005
7.516219255e-005
7.482348517e-005
7.433634324e-005
7.357031808e-005
7.728415391e-005
8.100004453e-005
7.991975978e-005
7.884045376e-005
8.324913536e-005
8.265675405e-005
8.157746417e-005
8.229612571e-005
8.177497477e-005
8.106877782e-005
8.020574802e-005
8.088865796e-005
7.993469902e-005
7.900728548e-005
7.94743506e-005
7.856628077e-005
7.763179098e-005
7.679870529e-005
7.621790354e-005
7.603886275e-005
7.738898153e-005
7.654183745e-005
7.678600208e-005
7.593308784e-005
7.510671097e-005
7.638609692e-005
8.184472778e-005
8.150621057e-005
8.23303271e-005
8.195912267e-005
8.161316622e-005
8.08651392e-005
8.023140206e-005
8.01422479e-005
8.042542526e-005
8.001794712e-005
7.945688404e-005
7.87272602e-005
7.804678981e-005
7.81807077e-005
7.846724362e-005
7.774215152e-005
7.709999669e-005
8.207389145e-005
8.133790988e-005
8.085467257e-005
8.017580992e-005
8.003415678e-005
7.933855575e-005
7.948944835e-005
8.065136124e-005
8.385312689e-005
8.323477416e-005
8.255160199e-005
8.248502697e-005
8.196366521e-005
8.250897212e-005
8.189052627e-005
8.142958457e-005
8.120379937e-005
8.056683069e-005
8.028316478e-005
8.067785078e-005
8.416412562e-005
8.446939227e-005
8.38321822e-005
8.375074523e-005
8.31261754e-005
8.501807946e-005
8.439417645e-005
8.50818454e-005
8.678320214e-005
8.615994512e-005
8.622318341e-005
8.577690356e-005
8.527637759e-005
8.520759818e-005
8.471522616e-005
8.41645534e-005
8.538528104e-005
8.481474885e-005
8.42637413e-005
8.420021155e-005
8.425742339e-005
8.42759363e-005
8.533631378e-005
8.493160421e-005
8.778206979e-005
8.72198952e-005
8.666291598e-005
8.642802793e-005
8.926126544e-005
8.875600894e-005
8.876314863e-005
9.400170598e-005
9.40331823e-005
9.381102431e-005
9.332281018e-005
9.290029222e-005
9.262636199e-005
9.301458236e-005
9.254524233e-005
9.204319191e-005
9.188017614e-005
9.160991943e-005
9.114237216e-005
9.094188762e-005
9.122574196e-005
9.207020252e-005
9.299659205e-005
9.255836396e-005
9.22265567e-005
9.17205302e-005
9.213927499e-005
9.302905207e-005
9.253058229e-005
9.223324587e-005
9.202936878e-005
9.161539043e-005
9.243509057e-005
9.233445699e-005
9.273738923e-005
9.232804935e-005
9.455279279e-005
9.450047994e-005
9.520155757e-005
9.558358674e-005
9.536206359e-005
9.536809246e-005
9.513788979e-005
9.478685148e-005
9.432401973e-005
9.399073474e-005
9.570548685e-005
9.569088315e-005
9.60590601e-005
9.582404403e-005
9.535647301e-005
9.497474066e-005
9.457817426e-005
9.422245387e-005
9.421338608e-005
9.377660195e-005
9.404112024e-005
9.360125454e-005
9.353616257e-005
9.309715724e-005
9.370745313e-005
9.340601302e-005
9.318182099e-005
9.275687553e-005
9.265628451e-005
9.339899548e-005
9.297782578e-005
9.293098346e-005
9.451619592e-005
9.434844721e-005
9.392904699e-005
9.386336618e-005
9.345748474e-005
9.380097308e-005
9.371223712e-005
9.366565395e-005
9.325957086e-005
9.33235873e-005
9.292168878e-005
9.266218028e-005
9.262595306e-005
9.223306212e-005
9.185667957e-005
9.150553536e-005
9.123837323e-005
9.131188698e-005
9.136214387e-005
9.109075409e-005
9.079099649e-005
9.046445686e-005
9.018182138e-005
8.996533543e-005
8.970557686e-005
8.937519786e-005
8.986378997e-005
9.072063664e-005
9.060661158e-005
9.045795836e-005
9.059154334e-005
9.036598664e-005
9.015259678e-005
8.995925343e-005
8.993556223e-005
9.064756139e-005
9.037358973e-005
9.074251543e-005
9.393878589e-005
9.479379207e-005
9.449732392e-005
9.477357413e-005
9.629339215e-005
9.656525852e-005
9.622067006e-005
9.660288684e-005
9.62517501e-005
9.59432821e-005
9.685492891e-005
9.658383675e-005
9.635568977e-005
9.610666301e-005
9.58651018e-005
9.565189689e-005
9.530554674e-005
9.574847028e-005
9.554061224e-005
9.543576171e-005
9.62284758e-005
9.595018797e-005
9.562478176e-005
9.697482386e-005
9.687533728e-005
9.673920011e-005
9.644595481e-005
9.65502725e-005
9.621530483e-005
9.590179853e-005
9.558462025e-005
9.638375717e-005
9.626045582e-005
9.622270434e-005
9.709588948e-005
9.713716675e-005
9.71611041e-005
9.711344981e-005
9.700631149e-005
9.682099636e-005
9.661814382e-005
9.653130679e-005
