Orientation Order Parameter
0.052410
0.037401
0.047753
0.026111
0.016515
0.079337
0.033252
0.023485
0.066157
0.055266
0.051549
0.185885
0.021948
0.089383
0.156870
0.102222
0.097760
0.034056
0.041485
0.079676
0.065020
0.064394
0.089474
0.075671
0.044530
0.074395
0.041004
0.148924
0.047940
0.081972
0.131398
0.064659
0.043836
0.072594
0.043382
0.093160
0.076839
0.080729
0.114281
0.101297
0.044416
0.094359
0.105280
0.035041
0.130943
0.134393
0.066404
0.087702
0.067299
0.055339
0.129302
0.056308
0.045285
0.081021
0.087826
0.045449
0.070820
0.068675
0.112087
0.060232
0.100456
0.070774
0.075747
0.037081
0.055686
0.149863
0.045827
0.103152
0.049593
0.109918
0.038674
0.112704
0.059514
0.040595
0.013121
0.048695
0.032670
0.032072
0.006458
0.065425
0.063294
0.066141
0.030809
0.025232
0.041926
0.102179
0.037916
0.041891
0.046965
0.066338
0.090069
0.089452
0.102311
0.063428
0.067091
0.031679
0.062450
0.164104
0.043423
0.010327
0.065699
0.034763
0.086132
0.095412
0.087519
0.066609
0.112519
0.005915
0.051079
0.072208
0.067616
0.062775
0.054613
0.043317
0.115468
0.067601
0.105616
0.088363
0.073015
0.024393
0.086572
0.063049
0.061667
0.049659
0.026361
0.090678
0.053729
0.099244
0.113509
0.067383
0.091868
0.026241
0.059856
0.045388
0.059738
0.039246
0.037846
0.079253
0.029971
0.114413
0.019879
0.103638
0.090517
0.045768
0.014761
0.023686
0.054103
0.009434
0.105985
0.061825
0.181463
0.021440
0.059111
0.096876
0.039561
0.083176
0.083060
0.070448
0.126343
0.057143
0.038017
0.064997
0.085432
0.034578
0.029727
0.061849
0.057028
0.076930
0.077783
0.008764
0.054580
0.066262
0.073158
0.115206
0.152382
0.033674
0.019160
0.004496
0.085416
0.065020
0.096888
0.060835
0.038444
0.061214
0.120993
0.033127
0.031630
0.063224
0.096922
0.045961
0.025494
0.098375
0.084684
0.036276
0.102812
0.082788
0.047484
0.110425
0.102494
0.102208
0.052395
0.044307
0.048116
0.139338
0.015252
0.078770
0.129032
0.070408
0.050219
0.100870
0.052777
0.044955
0.033263
0.045244
0.064150
0.133898
0.097032
0.047468
0.077184
0.054625
0.064607
0.140215
0.091874
0.060578
0.085035
0.071149
0.029063
0.028690
0.044883
0.052790
0.026132
0.032444
0.064009
0.080843
0.100902
0.021002
0.059394
0.065630
0.017675
0.086410
0.096899
0.089866
0.052459
0.060888
0.076599
0.031280
0.025418
0.057864
0.120390
0.037774
0.004943
0.048878
0.050518
0.042506
0.079033
0.091479
0.030513
0.059328
0.093360
0.078518
0.054133
0.043935
0.082034
0.082754
0.065191
0.110321
0.063576
0.060650
0.076288
0.103432
0.092755
0.050479
0.083176
0.084924
0.030031
0.060281
0.021473
0.067360
0.082416
0.099401
0.090207
0.097115
0.070367
0.037182
0.133083
0.073478
0.076383
0.108111
0.069329
0.069749
0.052475
0.035824
0.051307
0.055992
0.076603
0.057067
0.037456
0.005911
0.045927
0.068751
0.047042
0.042660
0.019669
0.067920
0.046208
0.045325
0.028717
0.052280
0.054853
0.008845
0.078586
0.081581
0.104618
0.018785
0.051522
0.045714
0.016920
0.048269
0.050121
0.022973
0.102320
0.040403
0.015333
0.069050
0.050599
0.032187
0.044679
0.068571
0.022985
0.073356
0.037015
0.025215
0.119169
0.016337
0.113876
0.037751
0.014159
0.016087
0.147233
0.040904
0.089549
0.006838
0.037998
0.175867
0.101663
0.044227
0.088320
0.094411
0.061250
0.123472
0.137951
0.057292
0.035495
0.095300
0.114363
0.063612
0.070940
0.049740
0.120006
0.039629
0.041114
0.087080
0.016072
0.076643
0.092602
0.010672
0.107302
0.077720
0.073032
0.095651
0.067535
0.075370
0.135889
0.018383
0.128237
0.078540
0.046974
0.080743
0.038248
0.019133
0.014233
0.081695
0.051384
0.044538
0.023305
0.115591
0.054383
0.037668
0.047318
0.054999
0.147500
0.059458
0.099392
0.041983
0.054545
0.107017
0.073812
0.029769
0.081418
0.048088
0.064931
0.045079
0.051343
0.101183
0.018509
0.075907
0.065945
0.066311
0.040560
0.115308
0.052413
0.032462
0.058407
0.077628
0.068751
0.111176
0.083153
0.004562
0.068944
0.088395
0.108838
0.027687
0.029722
0.097198
0.039501
0.018715
0.011253
0.112275
0.124131
0.040849
0.032330
0.030934
0.060665
0.042515
0.017753
0.082347
0.080239
0.093165
0.048198
0.052937
0.098690
0.014938
0.072084
0.028941
0.053183
0.050714
0.043303
0.086522
0.109839
0.103624
0.035621
0.072490
0.110230
0.042605
0.021383
0.039988
0.060834
0.157428
0.111404
0.047112
0.088785
0.082777
0.073611
0.029537
0.037596
0.076282
0.029221
0.105170
0.009649
0.045587
0.135006
0.058360
0.030536
0.023570
0.110793
0.047179
0.075848
0.078025
0.064786
0.059404
0.049400
0.072265
0.032038
0.017304
0.030417
0.047145
0.053515
0.031933
0.114812
0.084572
0.030327
0.106360
0.090025
0.017260
0.041657
0.144516
0.078451
0.079382
0.061005
0.184303
0.076967
0.105407
0.076491
0.093475
0.055397
0.084520
0.128128
0.041258
0.072641
0.103454
0.006407
0.089391
0.038369
0.068754
0.055385
0.040877
0.064912
0.092251
0.055091
0.041251
0.103448
0.133203
0.078353
0.047961
0.045339
0.077469
0.019223
0.028765
0.097729
0.027479
0.089344
0.064039
0.095614
0.129931
0.109526
0.082597
0.087284
0.081371
0.073986
0.096622
0.072488
0.068071
0.093692
0.048581
0.101798
0.081339
0.040148
0.083581
0.091479
0.054527
0.114049
0.047927
0.067952
0.034959
0.045168
0.035436
0.078782
0.081001
0.021019
0.052333
0.049965
0.044054
0.053976
0.076741
0.077031
0.041163
0.112732
0.069868
0.006406
0.099110
0.141543
0.022622
0.099931
0.074617
0.068092
0.053643
0.092296
0.036034
0.096088
0.099633
0.029633
0.020501
0.019618
0.180177
0.154642
0.039323
0.047479
0.037469
0.071956
0.040784
0.047654
0.107665
0.128695
0.050732
0.020849
0.115036
0.100186
0.034604
0.067536
0.079619
0.039960
0.064159
0.036434
0.052729
0.099952
0.018592
0.154640
0.049672
0.037621
0.051342
0.034884
0.029227
0.059049
0.160333
0.098909
0.077835
0.100966
0.049668
0.026262
0.011740
0.034502
0.068631
0.084733
0.075317
0.060484
0.065541
0.039072
0.086232
0.035357
0.065582
0.033365
0.095757
0.084049
0.107815
0.072606
0.137352
0.054608
0.017982
0.046901
0.095112
0.028366
0.063179
0.032590
0.114346
0.059676
0.041959
0.080605
0.093628
0.029706
0.141598
0.071428
0.065652
0.097577
0.040222
0.064585
0.081597
0.145532
0.128375
0.110916
0.058237
0.005638
0.044377
0.015858
0.092899
0.050743
0.038360
0.048032
0.135827
0.074809
0.043288
0.071966
0.082111
0.140663
0.155645
0.066333
0.049634
0.075600
0.046200
0.115241
0.060998
0.108575
0.038194
0.054086
0.023333
0.043739
0.010452
0.038449
0.026511
0.064139
0.061673
0.035229
0.119726
0.100685
0.028859
0.063875
0.136396
0.074200
0.061990
0.067142
0.083885
0.020567
0.066935
0.019463
0.022140
0.077933
0.056599
0.091174
0.020056
0.017780
0.031167
0.004524
0.037622
0.040017
0.096819
0.093642
0.088999
0.016949
0.045742
0.084319
0.025604
0.124172
0.024473
0.051713
0.123646
0.068615
0.140783
0.088166
0.067049
0.034944
0.099346
0.090029
0.095010
0.015648
0.076954
0.061814
0.040035
0.042330
0.073076
0.030573
0.093955
0.053859
0.064977
0.048020
0.024314
0.077860
0.092967
0.072165
0.088044
0.057598
0.067799
0.096530
0.018869
0.139461
0.049491
0.032300
0.088016
0.084366
0.067917
0.054967
0.092135
0.107311
0.089353
0.068830
0.094541
0.089855
0.050098
0.078816
0.046197
0.052382
0.080594
0.019945
0.092630
0.088159
0.017137
0.052587
0.085422
0.104658
0.086397
0.080845
0.013771
0.069899
0.059498
0.053268
0.053412
0.032270
0.030561
0.104721
0.071578
0.119074
0.069414
0.057960
0.084371
0.053062
0.061211
0.112151
0.038006
0.069646
0.030997
0.066530
0.104687
0.064838
0.015530
0.034203
0.087897
0.103689
0.035842
0.044497
0.091206
0.079172
0.044193
0.079487
0.115325
0.052021
0.083246
0.067882
0.100192
0.069027
0.090753
0.041487
0.100100
0.025697
0.120068
0.110562
0.062258
0.062868
0.075329
0.099871
0.063539
0.091713
0.051607
0.019197
0.106366
0.017897
0.107085
0.077509
0.103340
0.030457
0.094943
0.113522
0.052497
0.064952
0.136828
0.115847
0.092329
0.012941
0.038254
0.063297
0.035096
0.137002
0.101190
0.098487
0.093156
0.051087
0.007171
0.032932
0.094468
0.044987
0.088725
0.034012
0.092057
0.084545
0.057172
0.092886
0.092003
0.102483
0.059242
0.022312
0.035793
0.075307
0.046155
0.042532
0.017999
0.135214
0.081373
0.039299
0.089663
0.021142
0.032306
0.033551
0.040785
0.032882
0.045220
0.047546
0.052828
0.077764
0.051246
0.070462
0.040236
0.047732
0.046724
0.090225
0.037477
0.065481
0.051182
0.100192
0.068396
0.079902
0.069227
0.110306
0.091999
0.010608
0.073644
0.007463
0.088112
0.076594
0.053751
0.070841
0.079584
0.093037
0.037088
0.050370
0.105281
0.020880
0.032738
0.092802
0.146818
0.012084
0.084341
0.060548
0.034231
0.053235
0.049315
0.065371
0.108805
0.118458
0.103146
0.116561
0.020667
0.051562
0.086919
0.066754
0.121143
0.056413
0.047210
0.045551
0.070989
0.053551
0.095235
0.081479
0.018554
0.103047
0.023784
0.066647
0.132142
0.017981
0.039612
0.078927
0.082585
0.063488
0.071637
0.080990
0.045142
0.037664
0.029159
0.064769
0.085350
0.057805
0.052222
0.098749
0.030096
0.035635
0.028331
0.063807
0.081854
0.050466
0.101129
0.043676
0.135988
0.025912
0.094972
0.026395
0.104217
0.099299
0.093987
0.003894
0.118319
0.010036
0.006611
0.100111
0.023515
0.102549
0.114172
0.086071
0.091903
0.145780
0.045271
0.140174
0.027510
0.052447
0.069095
0.079034
0.005564
0.102532
0.031702
0.085838
0.056622
0.071722
0.040424
0.026581
0.101172
