Specific Heat
0
1.951612209e-005
1.79520821e-005
1.52184533e-005
2.432567476e-005
3.125793155e-005
6.367866371e-005
6.091176638e-005
8.659164445e-005
0.0001229218717
0.000131173863
0.0001402164689
0.0001294336175
0.0001203477758
0.0001188905752
0.0001115065832
0.0001052378127
0.0001080165441
0.0001026987955
0.0001269532321
0.0001241869877
0.0001253135086
0.0001315500439
0.0001342882215
0.0001314606243
0.0001294814451
0.0001247197905
0.0001207770607
0.0001177719273
0.0001145969829
0.0001121149596
0.0001087368168
0.0001059424583
0.0001037909564
0.0001038658919
0.0001069936687
0.0001082261276
0.0001066521544
0.0001040274535
0.0001014351358
0.0001006599956
9.892517241e-005
9.708812776e-005
9.511522273e-005
9.300656358e-005
9.135526089e-005
9.330029834e-005
9.336982817e-005
9.444027032e-005
9.502954786e-005
9.363192621e-005
9.260867288e-005
9.097832896e-005
8.961775176e-005
8.816644187e-005
8.661746019e-005
8.556313811e-005
8.410997666e-005
8.434685703e-005
8.438492023e-005
8.426151069e-005
8.377904872e-005
8.287800261e-005
8.311658977e-005
8.194622691e-005
8.081381198e-005
7.964338218e-005
7.862555472e-005
7.849415182e-005
7.844655725e-005
7.734947993e-005
7.627650171e-005
7.523959294e-005
7.430013472e-005
7.425588008e-005
7.35989186e-005
7.290016073e-005
7.204209741e-005
7.260216866e-005
7.477337576e-005
8.048453671e-005
7.967185257e-005
7.878569997e-005
7.790158261e-005
7.762660342e-005
7.861087406e-005
7.78266294e-005
7.723778151e-005
7.638560365e-005
7.638869452e-005
7.718173259e-005
7.645123747e-005
7.56317667e-005
7.496512859e-005
7.44113522e-005
7.382945146e-005
7.340105941e-005
7.339281191e-005
7.301626794e-005
7.228650405e-005
7.313200991e-005
7.494634614e-005
7.535627825e-005
7.464543799e-005
7.403244251e-005
7.348055167e-005
7.5466315e-005
7.5029252e-005
7.455453702e-005
7.391844704e-005
7.325715871e-005
7.276831764e-005
7.212477105e-005
7.163647111e-005
7.101637712e-005
7.040612786e-005
6.981230115e-005
6.98079736e-005
6.942352418e-005
6.885994126e-005
6.890588545e-005
6.923821736e-005
7.042871495e-005
7.258286485e-005
7.414669347e-005
7.366075064e-005
7.349235884e-005
7.344604602e-005
7.324408629e-005
7.334799025e-005
7.376365194e-005
7.339978772e-005
7.285810711e-005
7.376318356e-005
7.34033458e-005
7.38084532e-005
7.364820209e-005
7.316842031e-005
7.266910839e-005
7.246424605e-005
7.195330371e-005
7.26009637e-005
7.316010546e-005
7.501635972e-005
7.49507216e-005
7.448958251e-005
7.41898861e-005
7.425330582e-005
7.464412232e-005
7.442877001e-005
7.401648203e-005
7.414087447e-005
7.36712687e-005
7.319395318e-005
7.272531105e-005
7.248133866e-005
7.202095721e-005
7.211459502e-005
7.230252044e-005
7.185484517e-005
7.193805128e-005
7.24922514e-005
7.207728323e-005
7.202086275e-005
7.260893316e-005
7.23780287e-005
7.552496039e-005
7.599810661e-005
7.610046123e-005
7.598014472e-005
7.565547863e-005
7.5385877e-005
7.705381877e-005
7.674724538e-005
7.696564158e-005
7.823046135e-005
8.058318306e-005
8.069169489e-005
8.190127177e-005
8.298740706e-005
8.371841333e-005
8.334276201e-005
8.2892394e-005
8.435018834e-005
8.531086343e-005
8.506076682e-005
8.644653721e-005
8.612850543e-005
8.602017308e-005
8.580801737e-005
8.550158895e-005
8.530083643e-005
8.586884774e-005
8.606479636e-005
8.614269535e-005
8.948254541e-005
9.004627283e-005
9.208746898e-005
9.262006205e-005
9.466576428e-005
9.442469996e-005
9.545976136e-005
9.517112479e-005
9.510950459e-005
9.522479445e-005
9.590161014e-005
9.697290309e-005
9.817193289e-005
9.84766161e-005
9.801842659e-005
9.862562295e-005
9.817715894e-005
9.789187123e-005
9.811430981e-005
9.765796473e-005
9.727110396e-005
9.686086418e-005
9.700087334e-005
9.658865426e-005
9.78269287e-005
9.972706249e-005
9.929317955e-005
0.0001000847912
9.963811293e-005
9.928898051e-005
9.888812174e-005
9.848178175e-005
9.806537968e-005
9.792809448e-005
9.751016664e-005
9.775958416e-005
9.82543638e-005
9.800592508e-005
9.765533154e-005
9.72861823e-005
9.708868278e-005
9.672778426e-005
9.662989266e-005
9.623364265e-005
9.589629298e-005
9.550378793e-005
9.51469712e-005
9.47561077e-005
9.612728882e-005
9.662200869e-005
9.710068264e-005
9.716937051e-005
9.680613175e-005
9.674890909e-005
9.69776644e-005
9.692604232e-005
9.656705678e-005
9.618800755e-005
9.60543072e-005
9.587024378e-005
9.597585117e-005
9.589180003e-005
9.581748414e-005
9.544772503e-005
9.508932465e-005
9.484695526e-005
9.448510131e-005
9.48691416e-005
9.478392592e-005
9.446368541e-005
9.421437089e-005
9.390794003e-005
9.375715498e-005
9.389478958e-005
9.356206448e-005
9.335991365e-005
9.303302753e-005
9.272426353e-005
9.249898284e-005
9.216597104e-005
9.183556852e-005
9.165732543e-005
9.186061906e-005
9.241367787e-005
9.225630971e-005
9.209253433e-005
9.209262845e-005
9.294165156e-005
9.262243551e-005
9.257490414e-005
9.267727273e-005
9.328737996e-005
9.332556828e-005
9.354396185e-005
9.415067785e-005
9.391136711e-005
9.396277549e-005
9.367513246e-005
9.384283537e-005
9.363154209e-005
9.334477516e-005
9.303712129e-005
9.311471272e-005
9.494687545e-005
9.562086458e-005
9.606404199e-005
