Orientation Order Parameter
0.066215
0.052866
0.118656
0.093951
0.132487
0.157477
0.106095
0.033732
0.031597
0.067617
0.068819
0.058479
0.026518
0.097108
0.073157
0.044073
0.125012
0.026983
0.080237
0.126220
0.074505
0.064934
0.084065
0.119109
0.017708
0.102862
0.074916
0.047882
0.105762
0.060187
0.087856
0.033031
0.029573
0.040920
0.090119
0.088001
0.065071
0.071547
0.042836
0.067991
0.089934
0.148546
0.055781
0.048657
0.146993
0.081093
0.033096
0.035218
0.102610
0.039540
0.081337
0.079894
0.027746
0.033145
0.047377
0.088877
0.090828
0.072306
0.019471
0.050853
0.110297
0.041608
0.112954
0.093715
0.049282
0.045024
0.013835
0.058972
0.059077
0.032937
0.012075
0.032840
0.035973
0.078258
0.052662
0.062411
0.061137
0.051290
0.038722
0.096103
0.057658
0.063827
0.015672
0.073021
0.036341
0.035857
0.019989
0.119283
0.064536
0.050643
0.053992
0.075389
0.017406
0.083654
0.106352
0.057295
0.039313
0.017452
0.063123
0.068530
0.099676
0.083583
0.034590
0.054863
0.027428
0.137484
0.059551
0.067978
0.100798
0.072327
0.022530
0.067207
0.074878
0.093209
0.028161
0.038524
0.032549
0.053535
0.044185
0.037466
0.055785
0.088837
0.002931
0.074968
0.063627
0.014154
0.060865
0.113967
0.011139
0.011355
0.056144
0.049633
0.021053
0.085804
0.069568
0.067489
0.052897
0.044787
0.098997
0.051648
0.023059
0.134920
0.036061
0.069216
0.091562
0.046819
0.110624
0.059775
0.061875
0.032046
0.068541
0.088237
0.079969
0.058186
0.072105
0.086589
0.056719
0.076105
0.011600
0.046262
0.067891
0.028750
0.111171
0.144640
0.130842
0.069234
0.045059
0.056764
0.095779
0.021674
0.012861
0.063689
0.070849
0.102814
0.067627
0.056416
0.043463
0.101267
0.039217
0.041591
0.023179
0.053806
0.030282
0.055968
0.022511
0.126274
0.112329
0.077871
0.129149
0.091731
0.088701
0.029769
0.106176
0.048034
0.104400
0.082721
0.085801
0.032866
0.067851
0.036434
0.074662
0.052246
0.057593
0.101075
0.098189
0.055615
0.007607
0.055111
0.039304
0.122075
0.122503
0.043525
0.053691
0.111547
0.075615
0.082613
0.067961
0.097926
0.041796
0.117292
0.089231
0.067014
0.099378
0.058086
0.043337
0.112014
0.082003
0.052887
0.065183
0.017328
0.120014
0.065150
0.036316
0.057599
0.082747
0.051009
0.097767
0.046197
0.070306
0.066818
0.012353
0.061186
0.011710
0.060653
0.096289
0.093225
0.044477
0.064155
0.016995
0.061484
0.067176
0.036273
0.069967
0.122180
0.042260
0.057322
0.054876
0.027383
0.093975
0.100878
0.092210
0.103055
0.089907
0.045512
0.107883
0.110314
0.091526
0.022066
0.051782
0.076849
0.019505
0.073645
0.001218
0.066774
0.071617
0.039442
0.042799
0.087364
0.014505
0.042812
0.055916
0.058338
0.084534
0.035873
0.159538
0.065870
0.052976
0.035265
0.035204
0.005715
0.055965
0.062754
0.010759
0.002797
0.057720
0.046434
0.092840
0.052492
0.067199
0.075764
0.050888
0.060501
0.059405
0.034469
0.022392
0.018345
0.076704
0.070942
0.068289
0.046123
0.094557
0.085298
0.083744
0.087179
0.095825
0.036464
0.053833
0.015542
0.009232
0.062125
0.024375
0.019349
0.037086
0.022312
0.087140
0.072826
0.025514
0.035707
0.072351
0.086463
0.084939
0.023349
0.039767
0.032669
0.059999
0.052868
0.026803
0.060459
0.096067
0.051324
0.073133
0.024068
0.027971
0.054072
0.115190
0.027508
0.073324
0.049403
0.048419
0.040947
0.099776
0.106913
0.082451
0.052008
0.062614
0.068705
0.064646
0.067838
0.044053
0.044536
0.083022
0.069039
0.024211
0.005826
0.088110
0.066664
0.045539
0.049721
0.045903
0.095833
0.044269
0.125796
0.044654
0.022743
0.080292
0.082884
0.042127
0.059641
0.078096
0.048877
0.091495
0.077033
0.049433
0.066771
0.093506
0.088875
0.048692
0.036594
0.077803
0.066443
0.051220
0.092003
0.087260
0.054551
0.013354
0.053321
0.085438
0.112133
0.060401
0.075573
0.034672
0.026843
0.052023
0.015594
0.016951
0.064203
0.053620
0.117749
0.074106
0.153064
0.040317
0.016415
0.056897
0.021136
0.060542
0.057870
0.055958
0.040260
0.131134
0.075571
0.077948
0.003391
0.063139
0.080669
0.045533
0.074824
0.021576
0.039903
0.056725
0.080818
0.043831
0.044547
0.034362
0.048795
0.075652
0.064898
0.050031
0.025888
0.021192
0.099377
0.009941
0.058038
0.042073
0.009564
0.131668
0.092181
0.033624
0.073082
0.073249
0.087418
0.080676
0.063584
0.100332
0.111277
0.048474
0.057152
0.074436
0.085334
0.086726
0.096856
0.075694
0.054794
0.029166
0.068785
0.079055
0.068616
0.026118
0.080774
0.055278
0.063863
0.059848
0.053035
0.050288
0.066894
0.015153
0.060354
0.059670
0.033266
0.017235
0.071510
0.035121
0.036066
0.064878
0.095589
0.090157
0.015760
0.032554
0.080204
0.062491
0.098362
0.047356
0.010358
0.078163
0.090823
0.014147
0.054608
0.092625
0.136408
0.091187
0.072406
0.013313
0.050446
0.054500
0.091615
0.063849
0.058840
0.046773
0.022686
0.054401
0.041738
0.019695
0.128504
0.045571
0.026181
0.059626
0.061537
0.096255
0.056094
0.010344
0.015715
0.067638
0.082334
0.027930
0.048757
0.005592
0.013304
0.040332
0.083947
0.086484
0.036704
0.043963
0.058604
0.054594
0.016286
0.075915
0.029879
0.093756
0.048450
0.092543
0.031706
0.021613
0.064477
0.061633
0.076343
0.115924
0.042493
0.097120
0.067571
0.101881
0.112796
0.043077
0.034319
0.041302
0.106234
0.074237
0.120815
0.046383
0.076704
0.108642
0.095598
0.099506
0.080361
0.067495
0.032575
0.037146
0.036791
0.036601
0.099215
0.064012
0.055984
0.053309
0.082214
0.073327
0.039450
0.051437
0.061792
0.092637
0.052973
0.059610
0.021258
0.075640
0.092395
0.074439
0.032737
0.128001
0.047174
0.051639
0.047231
0.049226
0.066963
0.087105
0.141862
0.113345
0.026160
0.118073
0.069557
0.016155
0.050388
0.073465
0.114518
0.049960
0.017117
0.062001
0.050228
0.072397
0.095866
0.043221
0.058716
0.061296
0.085856
0.005603
0.103749
0.051205
0.035291
0.052862
0.096125
0.026897
0.056181
0.069542
0.099955
0.080315
0.043746
0.088603
0.080134
0.058661
0.081787
0.015685
0.025315
0.096254
0.050763
0.017402
0.003612
0.071028
0.045325
0.042059
0.101930
0.067242
0.111272
0.049291
0.125134
0.057650
0.070830
0.044551
0.050791
0.028482
0.037553
0.059247
0.063514
0.064769
0.017902
0.016370
0.079939
0.091268
0.025042
0.013866
0.120060
0.097620
0.063615
0.054521
0.037815
0.057848
0.049185
0.109379
0.128161
0.031957
0.070030
0.067400
0.041625
0.031204
0.078704
0.117491
0.021632
0.074767
0.030917
0.052603
0.026920
0.096358
0.001922
0.020847
0.175483
0.030069
0.065970
0.032250
0.064527
0.047622
0.028735
0.069344
0.048480
0.087998
0.071709
0.040155
0.039895
0.085522
0.100064
0.059498
0.083066
0.078931
0.070494
0.056512
0.012165
0.112196
0.021404
0.104587
0.037259
0.099267
0.080739
0.097686
0.035802
0.049760
0.196570
0.040203
0.039404
0.137480
0.026732
0.040336
0.068589
0.049297
0.053010
0.057045
0.085802
0.125208
0.059558
0.087595
0.054782
0.074910
0.068173
0.019481
0.114760
0.057317
0.039633
0.015452
0.048223
0.011524
0.070900
0.089735
0.080481
0.009630
0.073215
0.040929
0.089516
0.010692
0.024182
0.081107
0.046237
0.071715
0.039467
0.037889
0.099277
0.071796
0.072112
0.042659
0.016925
0.065875
0.051754
0.097688
0.125997
0.078789
0.083612
0.015655
0.069437
0.015161
0.060221
0.031463
0.051117
0.041224
0.100881
0.075976
0.093518
0.030314
0.034000
0.080389
0.018456
0.041941
0.098467
0.027667
0.094837
0.048583
0.032374
0.035562
0.090536
0.025908
0.055832
0.100313
0.079122
0.017990
0.044822
0.027526
0.072757
0.040675
0.021203
0.022298
0.112757
0.053625
0.044790
0.023578
0.069924
0.032871
0.041504
0.058871
0.111275
0.078538
0.048515
0.052441
0.074161
0.088392
0.043861
0.060231
0.039583
0.107623
0.064093
0.042049
0.101591
0.057342
0.080036
0.058816
0.089265
0.027234
0.141176
0.074467
0.017513
0.037119
0.093414
0.054328
0.049620
0.048475
0.017496
0.015827
0.105169
0.106946
0.024567
0.106033
0.077243
0.037778
0.062606
0.053395
0.024756
0.078797
0.015747
0.056355
0.065833
0.081067
0.070255
0.036654
0.037585
0.110678
0.082669
0.032429
0.090378
0.020095
0.060778
0.070313
0.039228
0.064937
0.010401
0.070305
0.095160
0.033999
0.051414
0.020822
0.068177
0.026832
0.016890
0.085395
0.008478
0.016093
0.074685
0.059514
0.065594
0.028356
0.143361
0.080910
0.080071
0.083098
0.083015
0.035847
0.107537
0.102312
0.042810
0.061403
0.037246
0.047084
0.058260
0.011237
0.070389
0.020949
0.099840
0.079212
0.042890
0.097931
0.031322
0.032473
0.025785
0.015006
0.046872
0.040295
0.050430
0.132506
0.063094
0.082424
0.030018
0.031886
0.067042
0.047494
0.054498
0.069801
0.085912
0.023066
0.067525
0.078832
0.083044
0.013815
0.021134
0.066932
0.046414
0.113542
0.044664
0.035890
0.069892
0.065280
0.006545
0.096055
0.017504
0.100737
0.047674
0.034460
0.048408
0.063919
0.077151
0.070378
0.132095
0.028445
0.068761
0.073936
0.059885
0.070690
0.146403
0.118654
0.075958
0.045620
0.024522
0.066814
0.082223
0.061316
0.015499
0.106647
0.070886
0.063834
0.094433
0.083344
0.054800
0.024682
0.023809
0.083232
0.013980
0.072739
0.086383
0.036501
0.049047
0.038509
0.055400
0.068857
0.013184
0.052585
0.041065
0.052814
0.061443
0.041191
0.011548
0.133608
0.015176
0.098268
0.046970
0.037416
0.051596
0.010250
0.034765
0.052234
0.024264
0.186611
0.046693
0.057346
0.124453
0.026913
0.058231
0.069110
0.071186
0.108312
0.034437
0.040503
0.078041
0.085457
0.026717
0.061045
0.021326
0.127048
0.076176
0.232738
0.055168
0.064191
0.029037
