Specific Heat
0
0.0001065058711
9.55889202e-005
7.725826977e-005
9.495098798e-005
7.958751665e-005
7.24120751e-005
6.699956022e-005
6.525518202e-005
6.639739743e-005
6.037697344e-005
5.536406902e-005
5.287989235e-005
5.073794287e-005
4.735591318e-005
4.484819965e-005
4.828894906e-005
4.588565235e-005
4.347218522e-005
4.216003873e-005
4.242103747e-005
4.297325648e-005
4.250294818e-005
4.106058385e-005
4.041391789e-005
4.263428807e-005
4.533867314e-005
4.379544541e-005
4.273960079e-005
4.176036267e-005
4.104685325e-005
3.976431972e-005
3.858381669e-005
3.821742923e-005
3.717931059e-005
3.61480114e-005
3.584776868e-005
3.586655042e-005
3.584134348e-005
3.683599314e-005
3.598713108e-005
3.720806795e-005
3.634308955e-005
3.55428027e-005
3.475712162e-005
3.415127427e-005
3.342934308e-005
3.490334372e-005
3.439627232e-005
3.552242038e-005
3.705294949e-005
3.649189976e-005
3.594365609e-005
3.535364364e-005
3.511711234e-005
3.449029101e-005
3.717351449e-005
3.653259758e-005
3.964034845e-005
3.939586306e-005
3.922852414e-005
3.905225152e-005
3.888396337e-005
3.836259718e-005
3.786686962e-005
3.729415305e-005
3.674916362e-005
3.689106211e-005
3.656470409e-005
3.604541813e-005
3.568090877e-005
3.518566805e-005
3.486629813e-005
3.472363436e-005
3.536664205e-005
3.52035461e-005
3.47713731e-005
3.436168489e-005
3.471809038e-005
3.493519776e-005
3.493899174e-005
3.4514124e-005
3.415192834e-005
3.393256034e-005
3.354346157e-005
3.31616058e-005
3.298857591e-005
3.30839952e-005
3.360431594e-005
3.330359555e-005
3.296603907e-005
3.261514482e-005
3.244443104e-005
3.210772804e-005
3.177320277e-005
3.152812731e-005
3.121296442e-005
3.112406916e-005
3.10151365e-005
3.084878737e-005
3.055039657e-005
3.074454791e-005
3.058983166e-005
3.03892538e-005
3.010244707e-005
3.002414346e-005
2.980287126e-005
2.952773782e-005
2.926863545e-005
2.90029129e-005
3.075662475e-005
3.061410576e-005
3.03734699e-005
3.039058107e-005
3.015849843e-005
2.989896257e-005
3.021071051e-005
3.012596986e-005
2.987472528e-005
2.976387562e-005
3.008972905e-005
3.026143868e-005
3.010659948e-005
3.016986305e-005
2.995372846e-005
2.983814794e-005
3.018614271e-005
3.011385368e-005
2.988188017e-005
2.97202552e-005
2.994349932e-005
2.971667414e-005
2.950988481e-005
2.932541202e-005
2.911037076e-005
2.988409046e-005
3.03045491e-005
3.086226375e-005
3.065842403e-005
3.055572879e-005
3.052969063e-005
3.045886923e-005
3.035713735e-005
3.063353903e-005
3.049549173e-005
3.031464131e-005
3.014253571e-005
3.003112501e-005
2.983351439e-005
2.971687233e-005
2.953038404e-005
2.935530348e-005
2.923553299e-005
2.907152843e-005
2.909449401e-005
2.929162742e-005
2.961088676e-005
2.94244186e-005
2.927312315e-005
2.919753292e-005
2.982135977e-005
2.973687155e-005
3.02248844e-005
3.008852962e-005
2.992076897e-005
3.00100045e-005
2.989722222e-005
2.981959941e-005
2.965559301e-005
2.971845715e-005
2.954881542e-005
2.960725171e-005
2.954344672e-005
2.939176325e-005
2.927231072e-005
2.920351904e-005
2.926042894e-005
2.909658953e-005
2.920214855e-005
3.068131953e-005
3.070430165e-005
3.069811754e-005
3.073035968e-005
3.13480203e-005
3.123840884e-005
3.108013934e-005
3.117237652e-005
3.107781097e-005
3.110070119e-005
3.146764112e-005
3.147688522e-005
3.13956578e-005
3.124634488e-005
3.108704564e-005
3.092934918e-005
3.081098941e-005
3.07576777e-005
3.066715875e-005
3.071335145e-005
3.056652034e-005
3.046319501e-005
3.037087856e-005
3.036084067e-005
3.029383396e-005
3.018054645e-005
3.00413525e-005
3.001672263e-005
2.988583793e-005
3.00348349e-005
2.989312355e-005
2.97993852e-005
2.967831855e-005
2.956400384e-005
2.943388781e-005
2.92982639e-005
2.916269817e-005
2.904357329e-005
2.915301856e-005
2.910900724e-005
3.002783382e-005
2.990997726e-005
2.986598488e-005
2.989536961e-005
2.995936166e-005
2.994559993e-005
2.984945767e-005
2.97437714e-005
2.964918122e-005
2.952514494e-005
2.941244735e-005
2.937528834e-005
2.943229743e-005
2.930933196e-005
2.944537916e-005
2.935207524e-005
2.922925679e-005
2.933200524e-005
2.920876155e-005
2.908834476e-005
2.969438042e-005
2.993686681e-005
2.983871004e-005
3.020285277e-005
3.028423076e-005
3.029309246e-005
3.040176874e-005
3.035082975e-005
3.04695434e-005
3.047520503e-005
3.038949701e-005
3.034025608e-005
3.037881992e-005
3.028132629e-005
3.017409323e-005
3.014035319e-005
3.011662157e-005
2.999964431e-005
2.989306419e-005
2.986234794e-005
2.974799472e-005
2.973629495e-005
3.023622097e-005
3.019000628e-005
3.027661509e-005
3.040490396e-005
3.068269942e-005
3.063717226e-005
3.054919358e-005
3.0495798e-005
3.074901752e-005
3.092976087e-005
3.082077325e-005
3.077992195e-005
3.067729657e-005
3.056575919e-005
3.049255879e-005
3.071378572e-005
3.065611213e-005
3.067296565e-005
3.057430886e-005
3.056649668e-005
3.045889589e-005
3.049840698e-005
3.054860561e-005
3.044804844e-005
3.077066889e-005
3.087084625e-005
3.076394275e-005
3.066668345e-005
3.058808134e-005
3.052898238e-005
3.053436879e-005
3.062846511e-005
3.052654781e-005
3.04244818e-005
3.0384311e-005
3.079690933e-005
3.082463573e-005
3.077955568e-005
3.07541975e-005
3.06577327e-005
