Orientation Order Parameter
0.045972
0.036734
0.029917
0.007725
0.124271
0.029947
0.021252
0.119719
0.082002
0.043308
0.088022
0.044437
0.039573
0.035456
0.037988
0.142738
0.064793
0.103144
0.081663
0.082725
0.050430
0.035768
0.087680
0.081626
0.029572
0.069922
0.062881
0.086485
0.026674
0.008723
0.064659
0.093591
0.076286
0.066001
0.057605
0.096498
0.074853
0.080395
0.053031
0.008388
0.084031
0.101337
0.048414
0.099934
0.078804
0.133977
0.075116
0.077077
0.085783
0.013606
0.102384
0.049673
0.075312
0.032896
0.067523
0.067515
0.044653
0.039839
0.030384
0.002423
0.132901
0.126762
0.080521
0.033850
0.115728
0.050890
0.042707
0.114468
0.021311
0.051124
0.093492
0.061690
0.074928
0.052284
0.066385
0.033228
0.046322
0.116530
0.043717
0.033906
0.150799
0.017345
0.037228
0.100785
0.004210
0.078419
0.074276
0.062836
0.044461
0.156103
0.080373
0.070310
0.100065
0.020186
0.033652
0.105904
0.055585
0.094652
0.047689
0.027506
0.067116
0.055219
0.063903
0.133627
0.091329
0.059243
0.041661
0.037832
0.091552
0.004434
0.027095
0.020172
0.084522
0.070210
0.057546
0.042566
0.087753
0.083649
0.041518
0.048170
0.053421
0.069329
0.040729
0.051736
0.065348
0.072944
0.047495
0.054538
0.057513
0.107279
0.008521
0.056877
0.052472
0.018279
0.123671
0.033012
0.030330
0.123280
0.043484
0.013352
0.063901
0.041714
0.085531
0.029439
0.106887
0.075552
0.050293
0.019391
0.031833
0.073309
0.122915
0.077995
0.024631
0.067569
0.067856
0.068826
0.094730
0.041752
0.075097
0.041661
0.132541
0.008668
0.048546
0.085263
0.008733
0.032607
0.038223
0.030955
0.043940
0.069024
0.046402
0.027289
0.052157
0.074466
0.081534
0.103344
0.053040
0.104654
0.042662
0.050201
0.124568
0.090821
0.092070
0.080040
0.046368
0.051562
0.082904
0.091377
0.082229
0.057664
0.058405
0.082829
0.066053
0.131059
0.116615
0.035733
0.081848
0.096181
0.047081
0.104156
0.114884
0.092806
0.070908
0.066073
0.083058
0.052733
0.025874
0.095418
0.108606
0.019784
0.041520
0.082645
0.060881
0.047953
0.048803
0.044667
0.041187
0.121375
0.143067
0.068705
0.052688
0.061181
0.061261
0.055825
0.060140
0.028623
0.056053
0.122338
0.053815
0.028821
0.064468
0.045166
0.083481
0.126721
0.028400
0.081795
0.096210
0.033810
0.081640
0.083050
0.064870
0.125091
0.043061
0.037052
0.088536
0.044426
0.145163
0.068057
0.126210
0.102242
0.095005
0.066119
0.099682
0.026092
0.037095
0.087410
0.041795
0.071724
0.074678
0.132955
0.042380
0.057061
0.032558
0.090855
0.057258
0.059875
0.017583
0.091938
0.015405
0.069789
0.031173
0.073624
0.127405
0.065261
0.091232
0.071656
0.088529
0.120980
0.012284
0.189620
0.052067
0.052233
0.026919
0.022649
0.090797
0.092327
0.028131
0.119307
0.054585
0.056460
0.058223
0.036236
0.077181
0.059824
0.070166
0.071752
0.090187
0.039292
0.043548
0.090935
0.073880
0.019717
0.089308
0.174089
0.058638
0.062946
0.078423
0.057682
0.016340
0.050315
0.070954
0.060112
0.061461
0.046800
0.044971
0.078346
0.051105
0.099931
0.027267
0.036336
0.027029
0.080716
0.086866
0.068169
0.065222
0.090324
0.053766
0.037324
0.144129
0.072054
0.037843
0.050625
0.014498
0.057760
0.115591
0.128208
0.048223
0.039731
0.116097
0.023472
0.061729
0.108750
0.059622
0.036403
0.042368
0.090821
0.111402
0.097407
0.067913
0.028336
0.068884
0.029345
0.076065
0.085376
0.078100
0.049072
0.117717
0.026981
0.114893
0.067958
0.047804
0.056114
0.041994
0.055554
0.091967
0.054009
0.017403
0.034697
0.036261
0.032752
0.131644
0.069762
0.030525
0.044473
0.080132
0.047294
0.069194
0.046411
0.138192
0.028453
0.027465
0.101798
0.015286
0.040307
0.018962
0.048590
0.071549
0.100036
0.044175
0.023204
0.025225
0.064008
0.023656
0.014781
0.097605
0.091730
0.050177
0.075676
0.040291
0.160956
0.085981
0.029681
0.042491
0.080651
0.027893
0.035174
0.106352
0.014215
0.138752
0.039679
0.098874
0.079232
0.029807
0.091134
0.075299
0.053959
0.118911
0.076803
0.017202
0.067819
0.115400
0.093476
0.040158
0.137442
0.116487
0.063784
0.031583
0.051231
0.115861
0.128814
0.033097
0.032408
0.073028
0.063410
0.025111
0.080863
0.085199
0.084991
0.072064
0.073430
0.096295
0.067450
0.041372
0.059493
0.053349
0.010528
0.094565
0.073316
0.051073
0.089099
0.052873
0.046903
0.066407
0.030520
0.032998
0.052078
0.052691
0.024561
0.093658
0.074687
0.100192
0.025296
0.025588
0.048047
0.031537
0.079845
0.042976
0.082259
0.123214
0.080237
0.009427
0.115690
0.038574
0.063284
0.080045
0.033232
0.059013
0.016494
0.054197
0.013561
0.052861
0.145236
0.018301
0.093428
0.049126
0.079970
0.055832
0.073401
0.007280
0.015496
0.047535
0.080173
0.078386
0.081764
0.100610
0.011710
0.081437
0.022545
0.115565
0.056666
0.044998
0.078465
0.061190
0.071290
0.116811
0.063638
0.076839
0.042191
0.019029
0.077417
0.072407
0.113084
0.125812
0.070663
0.126005
0.059437
0.014731
0.044278
0.025726
0.050266
0.161303
0.064089
0.053145
0.103417
0.063954
0.035470
0.067018
0.080323
0.033789
0.017758
0.047241
0.065578
0.052555
0.055765
0.004756
0.060954
0.131714
0.089089
0.099045
0.059136
0.066743
0.034250
0.048672
0.086303
0.021235
0.075441
0.070291
0.012994
0.077839
0.030906
0.048817
0.063482
0.024465
0.057024
0.061029
0.125963
0.023175
0.059503
0.037995
0.013755
0.047006
0.098302
0.072128
0.052298
0.028154
0.092298
0.075353
0.038110
0.076269
0.082562
0.039739
0.031373
0.032775
0.043406
0.053692
0.044622
0.058058
0.069527
0.120655
0.074343
0.147167
0.074114
0.053343
0.096204
0.048864
0.054526
0.034971
0.007964
0.094943
0.045432
0.021881
0.146759
0.076856
0.075513
0.034933
0.045756
0.041504
0.020074
0.047851
0.017289
0.063928
0.053966
0.047152
0.148742
0.107657
0.034537
0.038534
0.041643
0.065995
0.106649
0.087250
0.072111
0.083948
0.016827
0.043392
0.112696
0.017955
0.032608
0.144140
0.101765
0.081069
0.039640
0.047220
0.079085
0.048448
0.100763
0.081779
0.081378
0.050753
0.050839
0.055580
0.139191
0.084130
0.075659
0.068051
0.057318
0.125735
0.100603
0.061038
0.059918
0.077950
0.050731
0.083167
0.052411
0.083857
0.043100
0.051825
0.067214
0.056686
0.084349
0.106607
0.051732
0.088324
0.100393
0.031246
0.028616
0.046971
0.053550
0.090270
0.086207
0.071446
0.080448
0.076245
0.020769
0.136783
0.014833
0.019367
0.035429
0.031336
0.050903
0.030696
0.028621
0.079336
0.031758
0.043619
0.018486
0.091655
0.080005
0.028707
0.040095
0.042722
0.065991
0.034024
0.032682
0.067355
0.026997
0.043097
0.110888
0.048486
0.078849
0.081590
0.079298
0.017587
0.057252
0.107806
0.043019
0.019417
0.073666
0.068130
0.069474
0.066196
0.084754
0.081792
0.107855
0.029528
0.043948
0.059955
0.021330
0.012968
0.085798
0.032558
0.043713
0.126058
0.035619
0.038143
0.048671
0.061698
0.076605
0.092538
0.049253
0.050329
0.074575
0.022971
0.039274
0.070738
0.075157
0.043467
0.021118
0.055600
0.072812
0.042286
0.030176
0.083001
0.058237
0.027885
0.077855
0.004146
0.106161
0.028239
0.065670
0.104583
0.102381
0.013488
0.132454
0.052163
0.052477
0.096410
0.079384
0.078012
0.070745
0.020932
0.068226
0.036564
0.086920
0.088914
0.022166
0.089957
0.027260
0.070509
0.070034
0.055559
0.013557
0.148817
0.058427
0.017783
0.002721
0.047511
0.060081
0.043545
0.165442
0.030447
0.069535
0.027829
0.047052
0.056079
0.111085
0.009265
0.048167
0.071886
0.049477
0.027934
0.052057
0.096927
0.060578
0.100974
0.043976
0.131690
0.045631
0.063268
0.080545
0.090106
0.045269
0.121883
0.051550
0.038118
0.048598
0.091720
0.077092
0.050807
0.036396
0.047456
0.073009
0.131077
0.045999
0.063270
0.120576
0.064016
0.049872
0.039826
0.058125
0.003519
0.063303
0.059426
0.043215
0.081718
0.015989
0.074982
0.088274
0.073133
0.092657
0.088416
0.022633
0.119143
0.108278
0.026400
0.045160
0.144341
0.049507
0.118718
0.060500
0.070416
0.019984
0.056645
0.037833
0.032299
0.005931
0.114123
0.026766
0.058673
0.027488
0.068478
0.045197
0.068434
0.028217
0.041476
0.090130
0.067732
0.046070
0.057646
0.069030
0.099182
0.054893
0.124496
0.126885
0.083990
0.045968
0.073947
0.113499
0.071401
0.059258
0.101475
0.075327
0.059080
0.067012
0.045208
0.047290
0.036419
0.101686
0.098685
0.050252
0.088628
0.053284
0.043235
0.050776
0.077475
0.092379
0.049656
0.031635
0.048083
0.139931
0.066815
0.073733
0.085264
0.001503
0.062019
0.032977
0.056564
0.123482
0.018739
0.076428
0.074528
0.027692
0.063398
0.090849
0.030956
0.060082
0.134231
0.057812
0.070402
0.035034
0.054781
0.077278
0.023130
0.083001
0.090921
0.049715
0.046696
0.153105
0.018804
0.010524
0.033122
0.067643
0.074550
0.139688
0.078411
0.009765
0.103883
0.042936
0.067244
0.091393
0.121656
0.026144
0.091428
0.028142
0.024626
0.072524
0.045430
0.023924
0.090491
0.084009
0.025187
0.077513
0.081278
0.030755
0.081971
0.067640
0.038139
0.057212
0.085142
0.036871
0.054054
0.144709
0.028423
0.131725
0.142789
0.112555
0.063620
0.144609
0.019128
0.041854
0.061507
0.031191
0.040437
0.068721
0.076397
0.033335
0.041100
0.094136
0.066016
0.124136
0.034662
0.067668
0.025300
0.027068
0.063265
0.048428
0.079612
0.031454
0.082328
0.076454
0.148578
0.048066
0.089329
0.018059
0.013954
0.009768
0.096536
0.047095
0.126776
0.079787
0.067914
0.056073
0.061001
0.044949
0.051475
0.072658
0.036001
0.062895
0.050012
0.058612
0.037623
0.026239
0.078203
0.069247
0.011586
0.025940
0.053975
0.043835
0.023100
0.158097
