Specific Heat
0
2.331912992e-006
7.850842596e-006
1.029526717e-005
9.65596553e-006
9.459602036e-006
8.982504601e-006
1.189270787e-005
1.361455952e-005
2.311647807e-005
2.104007601e-005
1.928708489e-005
1.835770741e-005
2.123504069e-005
2.07677371e-005
2.292400352e-005
2.169983264e-005
2.187214673e-005
2.156745214e-005
2.051888903e-005
1.959938501e-005
1.871750425e-005
1.862147683e-005
1.79069824e-005
2.122715995e-005
2.078520453e-005
2.91081345e-005
2.863029348e-005
2.822948319e-005
2.885794308e-005
2.842968846e-005
2.860156675e-005
2.778640671e-005
2.757476301e-005
2.679013952e-005
2.788142735e-005
2.754704947e-005
2.719797022e-005
2.829147952e-005
2.948622947e-005
2.900531495e-005
2.837680824e-005
2.775226082e-005
2.715214256e-005
2.711482373e-005
2.806646217e-005
2.757088041e-005
2.870117561e-005
2.850315117e-005
2.903866091e-005
2.848206603e-005
2.804791781e-005
2.853670924e-005
2.809305977e-005
2.801202304e-005
2.858754347e-005
2.857206271e-005
2.808416768e-005
2.792675747e-005
2.884527218e-005
2.857015817e-005
2.952674928e-005
2.920004883e-005
2.884804022e-005
2.882412124e-005
2.925158918e-005
2.962500495e-005
2.920876006e-005
2.919444393e-005
2.879095551e-005
2.838665929e-005
2.801712939e-005
2.763333457e-005
2.735811553e-005
2.744106286e-005
2.713011192e-005
2.768337639e-005
2.785021379e-005
2.816501119e-005
2.851547723e-005
2.871619106e-005
3.307102545e-005
3.602028034e-005
3.791979387e-005
3.807296226e-005
3.886051618e-005
4.033912046e-005
4.021181671e-005
4.056212953e-005
4.073135679e-005
4.062756123e-005
4.031482429e-005
4.000901461e-005
3.9615869e-005
3.93722446e-005
3.905725833e-005
3.879373104e-005
3.840151727e-005
3.808545384e-005
3.772266091e-005
3.735045276e-005
3.85065016e-005
3.824491646e-005
3.815913456e-005
3.780059129e-005
3.760009452e-005
3.806377786e-005
3.805430129e-005
3.893046063e-005
3.928865416e-005
3.904431524e-005
3.919248844e-005
3.900349271e-005
3.890980738e-005
3.857240452e-005
3.833901628e-005
3.815855569e-005
3.837060568e-005
3.811772095e-005
3.804606293e-005
3.801409208e-005
3.955753645e-005
3.975656228e-005
3.969648916e-005
3.970648873e-005
4.073550632e-005
4.044062365e-005
4.015494437e-005
4.006649155e-005
4.048557603e-005
4.082172683e-005
4.088528479e-005
4.129225946e-005
4.144935309e-005
4.202521358e-005
4.177849253e-005
4.162840739e-005
4.137020605e-005
4.133147325e-005
4.111533121e-005
4.100619192e-005
4.087926976e-005
4.352967798e-005
4.35030486e-005
4.372185957e-005
4.354455384e-005
4.333164658e-005
4.373236611e-005
4.346153164e-005
4.442231297e-005
4.433838295e-005
4.40468093e-005
4.405053049e-005
4.431799956e-005
4.411413222e-005
4.408073405e-005
4.380056984e-005
4.354487368e-005
4.331801188e-005
4.3310207e-005
4.3401361e-005
4.442761597e-005
4.420373884e-005
4.415560932e-005
4.467949711e-005
4.529982458e-005
4.507326692e-005
4.498413036e-005
4.488073836e-005
4.464463962e-005
4.489622272e-005
4.463966353e-005
4.439664369e-005
4.470941571e-005
4.47633723e-005
4.451410751e-005
4.438920999e-005
4.437174086e-005
4.419126974e-005
4.406890692e-005
4.4150232e-005
4.396272271e-005
4.375102446e-005
4.37167641e-005
4.360159637e-005
4.339106489e-005
4.322463391e-005
4.306566766e-005
4.29289624e-005
4.270535501e-005
4.248180348e-005
4.227547925e-005
4.279452206e-005
4.266143703e-005
4.244776485e-005
4.258708351e-005
4.315500931e-005
4.323382517e-005
4.301827188e-005
4.323196771e-005
4.394481752e-005
4.401024611e-005
4.383039349e-005
4.521679386e-005
4.554958391e-005
4.532891546e-005
4.520103866e-005
4.527817075e-005
4.515706682e-005
4.508148702e-005
4.511420809e-005
4.579861051e-005
4.560215756e-005
4.542269549e-005
4.553924787e-005
4.561912054e-005
4.558413839e-005
4.539031403e-005
4.518310486e-005
4.514154356e-005
4.559717841e-005
4.560061806e-005
4.635415973e-005
4.616460924e-005
4.600320022e-005
4.590785261e-005
4.570591673e-005
4.559447665e-005
4.540887908e-005
4.548878314e-005
4.53450188e-005
4.515590457e-005
4.517315774e-005
4.510699232e-005
4.499433217e-005
4.481243422e-005
4.473615224e-005
4.457217287e-005
4.458942565e-005
4.441473779e-005
4.48672472e-005
4.485249596e-005
4.542098546e-005
4.532760496e-005
4.533857743e-005
4.516236951e-005
4.500908859e-005
4.48276634e-005
4.5055237e-005
4.488265562e-005
4.485207541e-005
4.467624403e-005
4.450069631e-005
4.441963609e-005
4.426958911e-005
4.436168299e-005
4.45052579e-005
4.434090865e-005
4.486474274e-005
4.469322551e-005
4.452809152e-005
4.455926627e-005
4.446347086e-005
4.446261216e-005
4.441755457e-005
4.441246513e-005
4.427986385e-005
4.417562712e-005
4.422347686e-005
4.406395679e-005
4.411891883e-005
4.396676927e-005
4.380572784e-005
4.390512559e-005
4.374683423e-005
4.358841889e-005
4.343390018e-005
4.334070433e-005
4.396996155e-005
4.42146359e-005
4.426066494e-005
4.496818803e-005
4.492263354e-005
4.478574913e-005
4.474965722e-005
4.459547552e-005
4.462657354e-005
4.448452059e-005
4.434067168e-005
4.425485841e-005
4.425964656e-005
4.412621168e-005
4.397909942e-005
4.394852255e-005
4.380686104e-005
4.383927409e-005
4.415718339e-005
4.40322758e-005
4.404284734e-005
4.394811529e-005
4.444299171e-005
