Energy per particle (eV)
-0.025976
-0.025767
-0.025568
-0.025417
-0.025280
-0.025800
-0.025498
-0.025268
-0.025586
-0.025027
-0.024861
-0.024992
-0.024567
-0.024693
-0.024996
-0.024920
-0.024709
-0.024429
-0.024288
-0.023904
-0.024377
-0.024249
-0.024133
-0.023756
-0.024464
-0.024423
-0.025112
-0.024570
-0.024676
-0.025447
-0.025482
-0.024950
-0.024283
-0.024880
-0.024783
-0.024755
-0.024488
-0.024410
-0.024606
-0.024724
-0.024894
-0.025015
-0.024635
-0.024702
-0.025443
-0.025339
-0.025218
-0.025414
-0.025231
-0.025244
-0.024852
-0.024681
-0.025120
-0.025459
-0.024580
-0.025050
-0.025344
-0.025143
-0.025018
-0.024858
-0.025264
-0.025181
-0.025294
-0.024668
-0.024221
-0.024538
-0.024325
-0.025139
-0.024860
-0.024626
-0.024612
-0.024965
-0.025037
-0.025000
-0.024961
-0.024996
-0.024984
-0.024940
-0.025084
-0.024731
-0.024577
-0.024644
-0.025064
-0.024980
-0.025258
-0.025190
-0.024965
-0.024841
-0.024741
-0.024874
-0.024793
-0.024865
-0.024765
-0.024721
-0.024757
-0.024662
-0.024838
-0.024702
-0.024836
-0.024643
-0.024542
-0.024347
-0.025104
-0.025134
-0.024940
-0.024609
-0.025033
-0.025190
-0.025169
-0.024714
-0.025084
-0.025383
-0.024843
-0.025171
-0.024789
-0.024856
-0.025101
-0.025184
-0.024939
-0.025040
-0.025306
-0.025111
-0.024731
-0.024319
-0.024347
-0.024140
-0.024203
-0.024463
-0.024695
-0.024966
-0.024619
-0.024418
-0.024636
-0.024048
-0.024640
-0.024531
-0.024530
-0.024708
-0.024651
-0.024679
-0.024469
-0.024767
-0.024584
-0.024335
-0.024590
-0.024007
-0.024001
-0.024172
-0.024230
-0.024484
-0.024097
-0.024224
-0.024123
-0.024420
-0.023809
-0.024129
-0.024865
-0.024637
-0.024380
-0.024719
-0.024375
-0.024274
-0.024270
-0.024306
-0.024474
-0.024448
-0.024964
-0.024471
-0.024762
-0.024320
-0.023983
-0.023942
-0.024355
-0.024930
-0.025133
-0.024830
-0.024721
-0.024620
-0.024546
-0.024593
-0.024208
-0.024819
-0.024626
-0.024404
-0.024720
-0.024499
-0.024517
-0.025089
-0.024755
-0.024873
-0.024304
-0.024630
-0.024262
-0.024312
-0.024634
-0.024687
-0.024290
-0.024701
-0.024807
-0.024499
-0.024575
-0.024482
-0.024330
-0.024203
-0.024449
-0.023918
-0.023963
-0.023934
-0.023798
-0.023573
-0.023815
-0.024338
-0.024301
-0.024409
-0.024483
-0.024213
-0.024161
-0.024007
-0.024148
-0.024366
-0.023960
-0.023216
-0.023618
-0.023497
-0.023929
-0.023654
-0.023813
-0.024006
-0.023461
-0.023671
-0.023727
-0.023361
-0.023758
-0.023815
-0.023884
-0.023887
-0.024128
-0.023928
-0.024061
-0.024250
-0.023663
-0.023601
-0.024068
-0.024215
-0.024345
-0.024451
-0.024610
-0.024876
-0.024670
-0.024822
-0.023894
-0.024441
-0.024604
-0.024171
-0.024384
-0.024613
-0.024263
-0.024703
-0.024903
-0.024203
-0.024525
-0.024407
-0.024242
-0.024164
-0.024318
-0.024685
-0.024699
-0.023878
-0.023821
-0.023724
-0.024103
-0.023425
-0.024243
-0.024115
-0.023805
-0.023722
-0.024052
-0.024346
-0.024290
-0.024621
-0.023857
-0.023818
-0.023491
-0.023884
-0.023765
-0.023698
-0.023375
-0.023505
-0.023227
-0.023223
-0.023638
-0.023879
-0.023484
-0.023765
-0.024089
-0.024301
-0.024084
-0.024440
-0.023849
-0.023904
-0.024100
-0.023685
-0.023590
-0.023764
-0.024007
-0.023725
-0.023854
-0.023601
-0.023268
-0.023703
-0.022952
-0.022884
-0.023162
-0.022966
-0.022575
-0.022296
-0.022746
-0.022744
-0.022957
-0.022917
-0.023441
-0.023253
-0.023088
-0.023415
-0.023146
-0.022645
-0.023113
-0.023499
-0.023215
-0.022314
-0.022767
-0.022949
-0.023163
-0.023461
-0.022621
-0.023078
-0.023280
-0.023332
-0.023231
-0.023568
-0.023331
-0.024107
-0.023638
-0.023516
-0.024010
-0.023814
-0.023879
-0.023378
-0.023289
-0.023403
-0.023342
-0.023934
-0.023764
-0.024218
-0.024206
-0.023883
-0.024144
-0.024280
-0.024230
-0.024128
-0.023768
-0.023996
-0.023799
-0.023840
-0.023679
-0.023394
-0.023167
-0.023521
-0.023914
-0.023964
-0.023778
-0.023848
-0.023675
-0.023356
-0.023918
-0.023807
-0.023781
-0.023640
-0.024017
-0.023786
-0.023924
-0.023708
-0.024303
-0.023722
-0.024175
-0.023630
-0.023930
-0.024080
-0.023834
-0.023954
-0.024491
-0.024110
-0.024220
-0.024184
-0.024056
-0.023935
-0.023736
-0.023654
-0.023472
-0.023143
-0.023760
-0.023621
-0.023988
-0.023555
-0.023420
-0.023753
-0.024072
-0.024166
-0.024044
-0.023990
-0.023865
-0.024196
-0.024013
-0.024077
-0.024022
-0.023519
-0.023893
-0.023702
-0.024231
-0.024063
-0.023909
-0.024296
-0.023839
-0.024036
-0.024044
-0.023817
-0.023626
-0.023733
-0.023601
-0.023377
-0.023236
-0.023325
-0.023480
-0.023358
-0.023566
-0.023361
-0.022838
-0.023026
-0.023180
-0.023279
-0.022673
-0.022874
-0.023032
-0.022871
-0.022748
-0.022565
-0.022390
-0.022296
-0.022430
-0.022231
-0.022059
-0.021661
-0.021747
-0.021802
-0.022107
-0.021640
-0.021935
-0.021759
-0.021687
-0.021288
-0.022191
-0.022385
-0.022349
-0.022709
-0.022708
-0.022524
-0.022922
-0.022250
-0.022126
-0.022053
-0.022126
-0.021706
-0.021448
-0.022073
-0.021711
-0.021808
-0.021823
-0.022171
-0.022082
-0.022087
-0.022263
-0.022506
-0.022603
-0.022375
-0.022037
-0.022353
-0.022314
-0.022318
-0.022571
-0.022679
-0.022225
-0.022525
-0.022984
-0.023014
-0.022756
-0.022611
-0.022821
-0.022537
-0.022568
-0.023097
-0.022518
-0.022657
-0.023042
-0.023205
-0.023130
-0.022718
-0.022846
-0.022756
-0.022391
-0.022093
-0.022497
-0.022275
-0.022135
-0.021885
-0.022090
-0.022019
-0.022224
-0.022519
-0.022371
-0.022326
-0.022460
-0.021995
-0.022775
-0.022549
-0.022735
-0.022796
-0.022444
-0.022210
-0.022504
-0.022213
-0.022457
-0.022172
-0.022459
-0.022493
-0.022247
-0.022630
-0.022431
-0.022220
-0.022291
-0.022264
-0.022200
-0.022391
-0.022407
-0.022363
-0.022030
-0.022215
-0.022174
-0.022651
-0.022400
-0.022736
-0.023322
-0.022869
-0.022817
-0.022593
-0.022573
-0.022953
-0.022883
-0.022994
-0.023068
-0.023199
-0.023171
-0.022916
-0.022642
-0.022999
-0.023015
-0.023319
-0.023344
-0.023476
-0.023031
-0.023039
-0.022880
-0.022154
-0.022569
-0.022918
-0.022818
-0.023644
-0.023417
-0.023021
-0.023272
-0.022918
-0.023481
-0.023019
-0.023163
-0.023546
-0.023643
-0.023558
-0.023755
-0.023344
-0.023449
-0.023637
-0.023139
-0.023573
-0.023300
-0.023373
-0.023558
-0.023157
-0.023265
-0.023331
-0.023360
-0.023520
-0.023463
-0.023764
-0.023473
-0.023585
-0.023067
-0.023007
-0.023142
-0.024090
-0.023239
-0.023620
-0.023549
-0.023782
-0.023826
-0.023658
-0.024001
-0.024428
-0.024093
-0.023920
-0.024004
-0.023490
-0.023592
-0.023336
-0.023725
-0.023590
-0.023248
-0.022988
-0.023320
-0.024146
-0.023636
-0.023593
-0.024063
-0.024093
-0.023508
-0.023985
-0.023735
-0.024118
-0.023705
-0.023766
-0.023960
-0.023890
-0.023944
-0.023658
-0.023711
-0.023504
-0.023423
-0.023738
-0.023407
-0.023353
-0.023408
-0.023501
-0.023949
-0.023670
-0.023701
-0.023559
-0.023636
-0.023025
-0.023150
-0.023461
-0.023301
-0.023996
-0.023832
-0.023659
-0.023242
-0.023942
-0.023925
-0.023351
-0.023556
-0.023477
-0.023745
-0.023800
-0.023798
-0.023936
-0.024298
-0.023694
-0.023838
-0.023824
-0.023329
-0.022880
-0.023256
-0.024142
-0.023529
-0.023803
-0.023440
-0.023875
-0.023706
-0.023570
-0.023817
-0.023850
-0.023977
-0.023459
-0.023432
-0.023642
-0.023173
-0.023237
-0.023656
-0.023333
-0.023191
-0.023202
-0.023175
-0.022806
-0.022776
-0.022573
-0.023167
-0.023487
-0.023215
-0.023479
-0.023610
-0.023239
-0.023142
-0.023479
-0.023465
-0.022951
-0.023141
-0.023000
-0.022742
-0.022874
-0.022757
-0.022645
-0.022269
-0.021943
-0.022168
-0.021889
-0.021884
-0.022186
-0.022627
-0.022277
-0.021913
-0.022661
-0.022678
-0.022677
-0.022717
-0.022327
-0.021623
-0.021976
-0.021834
-0.022778
-0.022729
-0.022581
-0.022454
-0.022239
-0.022019
-0.021693
-0.021802
-0.022398
-0.022222
-0.022370
-0.022278
-0.021959
-0.022646
-0.022704
-0.022885
-0.022686
-0.022037
-0.022475
-0.022969
-0.022743
-0.022512
-0.022651
-0.022327
-0.022738
-0.022396
-0.021641
-0.022397
-0.022411
-0.022988
-0.022704
-0.023066
-0.023162
-0.022463
-0.022811
-0.022892
-0.023388
-0.022835
-0.023017
-0.022952
-0.023308
-0.023649
-0.023595
-0.023363
-0.023708
-0.023623
-0.023660
-0.023275
-0.023527
-0.023502
-0.023461
-0.023810
-0.023364
-0.023629
-0.023386
-0.023986
-0.023781
-0.023895
-0.023758
-0.023479
-0.023655
-0.023580
-0.023855
-0.023680
-0.023418
-0.023669
-0.023501
-0.023389
-0.023611
-0.023442
-0.023687
-0.023820
-0.023391
-0.024002
-0.023439
-0.023862
-0.023408
-0.023727
-0.024112
-0.023987
-0.023222
-0.023657
-0.023685
-0.023566
-0.023986
-0.023774
-0.023575
-0.024109
-0.024186
-0.023739
-0.023368
-0.023715
-0.023754
-0.023415
-0.023349
-0.023336
-0.023060
-0.023261
-0.023076
-0.023280
-0.023001
-0.023496
-0.023388
-0.023116
-0.023185
-0.023357
-0.023320
-0.023158
-0.023541
-0.023726
-0.023363
-0.023739
-0.023598
-0.023430
-0.023123
-0.023091
-0.023159
-0.023352
-0.023417
-0.023242
-0.023248
-0.023149
-0.022787
-0.023089
-0.023532
-0.022978
-0.023382
-0.023340
-0.022988
-0.022821
-0.023114
-0.023319
-0.023351
-0.023588
-0.023569
-0.023711
-0.023660
-0.022837
-0.023369
-0.022716
-0.022622
-0.023295
-0.023171
-0.023148
-0.023115
-0.023444
-0.022955
-0.023130
-0.022745
-0.022611
-0.022942
-0.023115
-0.023684
-0.023095
-0.023330
-0.023462
-0.023715
-0.023336
-0.023450
-0.023039
-0.023143
-0.023156
-0.023065
-0.023239
-0.022576
-0.022356
-0.022579
-0.022780
-0.023200
-0.022764
-0.023444
-0.022798
-0.022687
-0.022967
-0.022730
-0.023068
-0.022889
-0.023211
-0.023102
-0.023061
-0.023027
-0.022627
-0.022686
-0.023139
-0.023345
-0.023303
-0.023267
-0.023306
-0.023196
-0.023431
-0.023411
-0.023401
-0.023419
-0.023188
-0.023418
-0.023309
-0.023829
-0.023626
-0.023648
-0.023388
-0.023059
-0.023992
-0.023738
-0.023987
-0.023477
-0.023139
-0.023046
-0.023515
-0.023139
-0.023399
-0.023336
-0.022775
-0.023138
-0.023101
-0.022362
-0.022420
-0.022996
-0.022488
-0.022879
-0.022824
-0.022706
-0.023314
-0.023626
-0.023153
-0.023396
-0.022919
-0.023468
-0.023519
-0.023545
-0.023670
-0.023849
-0.023938
-0.024060
-0.023520
-0.023818
-0.024052
-0.023692
-0.024023
-0.023675
-0.023864
-0.023363
-0.023462
-0.023715
-0.023516
-0.023762
-0.023657
-0.023055
-0.022831
-0.023014
-0.022886
-0.022994
-0.023232
-0.023427
-0.023714
-0.023961
-0.023286
-0.023378
-0.023774
-0.024399
-0.023959
-0.023466
-0.023891
-0.023270
-0.023807
-0.023352
