Orientation Order Parameter
0.834345
0.796259
0.813706
0.791406
0.801106
0.833217
0.812237
0.802859
0.795470
0.759674
0.752945
0.789465
0.665405
0.654612
0.640304
0.658902
0.601762
0.531974
0.543806
0.516735
0.571951
0.583427
0.554845
0.587531
0.655146
0.686856
0.750081
0.726087
0.728578
0.826398
0.790678
0.749596
0.731193
0.771217
0.766857
0.718188
0.777056
0.738370
0.769292
0.728389
0.758976
0.780609
0.707757
0.723403
0.783290
0.736272
0.710779
0.783676
0.802789
0.795939
0.746530
0.753448
0.794611
0.770001
0.718871
0.781493
0.784618
0.774671
0.770157
0.741156
0.817245
0.786423
0.761036
0.691842
0.671421
0.659209
0.743167
0.809214
0.751619
0.733963
0.701269
0.775051
0.748300
0.734690
0.766356
0.742287
0.755394
0.745336
0.772545
0.755280
0.750391
0.752569
0.752694
0.745798
0.797282
0.775494
0.797363
0.808730
0.726721
0.782760
0.725933
0.747064
0.783894
0.735934
0.770225
0.773582
0.754016
0.715987
0.767620
0.738192
0.744298
0.708047
0.745461
0.730052
0.664719
0.694162
0.740936
0.754230
0.785648
0.759013
0.742369
0.761541
0.735801
0.743322
0.761005
0.773232
0.747421
0.823593
0.775468
0.726406
0.731299
0.764034
0.715710
0.694400
0.678271
0.704208
0.711477
0.723584
0.691129
0.725214
0.708979
0.680431
0.696173
0.676905
0.739014
0.721890
0.724065
0.689505
0.687221
0.711442
0.724286
0.726544
0.712347
0.683583
0.724148
0.652562
0.629174
0.666576
0.687657
0.765772
0.758243
0.659983
0.714335
0.692852
0.603173
0.656759
0.746559
0.709197
0.709124
0.751910
0.730753
0.703674
0.675103
0.708611
0.729612
0.760714
0.755912
0.719685
0.736832
0.708603
0.654211
0.645857
0.751238
0.760260
0.725671
0.697493
0.735987
0.704058
0.741869
0.705348
0.712432
0.722577
0.673616
0.716381
0.729387
0.771095
0.740122
0.750512
0.749596
0.735850
0.699985
0.722378
0.711126
0.714484
0.693971
0.725532
0.688271
0.694540
0.687064
0.679660
0.675544
0.675261
0.688258
0.650620
0.577442
0.534140
0.548822
0.547701
0.523343
0.563917
0.534669
0.584592
0.613981
0.616996
0.584153
0.622307
0.658941
0.628915
0.681107
0.708104
0.727686
0.626375
0.673861
0.665006
0.666662
0.683983
0.708158
0.762542
0.684979
0.649370
0.687301
0.710845
0.726569
0.716358
0.696645
0.701166
0.733427
0.712584
0.683691
0.707978
0.687050
0.655393
0.674864
0.663741
0.661621
0.701429
0.753751
0.741089
0.723047
0.716295
0.682869
0.718622
0.738421
0.728912
0.704256
0.705421
0.709460
0.734178
0.783859
0.682248
0.735522
0.711071
0.733211
0.657387
0.688487
0.767719
0.720841
0.741895
0.700745
0.625772
0.677651
0.665453
0.696702
0.711171
0.688142
0.657961
0.613626
0.688599
0.708451
0.718720
0.641787
0.577631
0.587317
0.639937
0.686297
0.619546
0.607779
0.633135
0.598712
0.658467
0.694910
0.655044
0.613492
0.675320
0.630699
0.738256
0.734549
0.690835
0.640750
0.671920
0.648217
0.654586
0.635483
0.680459
0.658588
0.581845
0.633146
0.508042
0.484733
0.580434
0.644686
0.616243
0.625212
0.599828
0.524846
0.545966
0.565209
0.501802
0.517020
0.506233
0.631388
0.582395
0.613744
0.579109
0.632803
0.602508
0.544089
0.638631
0.605170
0.463277
0.582279
0.655571
0.613353
0.535937
0.472888
0.514799
0.545719
0.568710
0.542945
0.579319
0.644613
0.660226
0.667009
0.708834
0.732484
0.658252
0.700955
0.673360
0.664692
0.665573
0.655921
0.679198
0.713387
0.715486
0.712582
0.700093
0.706228
0.703030
0.723045
0.693345
0.684591
0.646787
0.621746
0.669283
0.687021
0.640677
0.670228
0.637800
0.716233
0.704000
0.702600
0.702571
0.697472
0.620557
0.684275
0.679503
0.669797
0.677255
0.701784
0.673599
0.683902
0.686850
0.734967
0.687816
0.732983
0.656821
0.663249
0.692143
0.646791
0.738385
0.737756
0.698410
0.712503
0.720170
0.684564
0.749623
0.698517
0.660204
0.577759
0.601686
0.692471
0.695915
0.677571
0.691243
0.683003
0.704882
0.692657
0.714832
0.722060
0.700379
0.712780
0.721564
0.726490
0.691962
0.711105
0.731748
0.736238
0.699337
0.703439
0.741193
0.714682
0.743276
0.730058
0.713212
0.678333
0.651188
0.686612
0.642710
0.641328
0.686125
0.570676
0.542348
0.547420
0.540223
0.499126
0.517593
0.474907
0.506581
0.569899
0.545334
0.574802
0.572391
0.469759
0.436036
0.537457
0.545289
0.452706
0.509775
0.548264
0.525537
0.512582
0.420489
0.406010
0.420291
0.472137
0.431439
0.487114
0.475102
0.446451
0.485756
0.498653
0.437435
0.493448
0.493461
0.477307
0.486386
0.512668
0.406849
0.396781
0.359608
0.430288
0.429398
0.316790
0.406525
0.383339
0.379525
0.394530
0.424139
0.476542
0.416904
0.495638
0.462195
0.504724
0.420918
0.431769
0.447216
0.530702
0.529008
0.569617
0.537983
0.436553
0.551983
0.623037
0.640457
0.644905
0.581969
0.558484
0.627173
0.627931
0.644255
0.634359
0.603503
0.670963
0.614984
0.542042
0.507659
0.576726
0.626696
0.611311
0.554313
0.577760
0.595218
0.591609
0.516574
0.463031
0.488086
0.518380
0.502334
0.597846
0.613547
0.531270
0.483034
0.526178
0.491465
0.547139
0.614948
0.496997
0.571860
0.586671
0.484660
0.489744
0.443560
0.457909
0.519815
0.517137
0.522764
0.543448
0.539125
0.568271
0.521638
0.525469
0.584863
0.611270
0.536367
0.474563
0.516481
0.549725
0.606080
0.631976
0.653568
0.665202
0.644588
0.638309
0.585016
0.575458
0.618657
0.645585
0.696667
0.722485
0.687918
0.686837
0.667805
0.555587
0.639647
0.604123
0.630597
0.648690
0.682212
0.678524
0.649719
0.573829
0.496342
0.531100
0.596349
0.576724
0.652750
0.662657
0.609260
0.649452
0.636045
0.621613
0.585423
0.578089
0.669491
0.697494
0.641831
0.697093
0.680496
0.700543
0.699607
0.651393
0.696665
0.646386
0.661146
0.682668
0.701750
0.689360
0.662459
0.632599
0.689386
0.685330
0.728430
0.671039
0.683848
0.614545
0.639358
0.652742
0.734361
0.650773
0.716113
0.697676
0.695067
0.681445
0.716330
0.710257
0.728917
0.685734
0.657910
0.630724
0.668241
0.625969
0.673819
0.699236
0.725898
0.647981
0.617281
0.667293
0.691608
0.691226
0.706777
0.710724
0.702683
0.719354
0.757625
0.714953
0.718404
0.729452
0.682864
0.748514
0.738539
0.701963
0.698817
0.664208
0.709053
0.703046
0.711045
0.673670
0.698698
0.719367
0.679725
0.744821
0.705173
0.679693
0.655622
0.712762
0.635292
0.696082
0.642981
0.687707
0.699412
0.761229
0.710155
0.669676
0.686003
0.679470
0.662754
0.705230
0.733945
0.708707
0.689204
0.744639
0.704122
0.732441
0.752525
0.715164
0.692471
0.639411
0.626450
0.632180
0.691877
0.691967
0.707808
0.704512
0.666888
0.637314
0.595600
0.675485
0.641731
0.658934
0.653642
0.659397
0.656088
0.627309
0.571393
0.659271
0.679824
0.677958
0.703176
0.647471
0.547575
0.565106
0.612580
0.598904
0.694402
0.654968
0.692449
0.696652
0.685015
0.674377
0.696976
0.713102
0.693905
0.661251
0.695570
0.669257
0.691799
0.652996
0.685598
0.618205
0.556081
0.541403
0.455093
0.499723
0.549612
0.484878
0.521271
0.562836
0.646821
0.619012
0.581004
0.559577
0.494507
0.523763
0.459873
0.516212
0.531192
0.485785
0.503726
0.508608
0.518196
0.500016
0.434648
0.436070
0.424942
0.445985
0.435999
0.431956
0.497045
0.432982
0.560584
0.542673
0.495296
0.450476
0.449478
0.442485
0.469210
0.473366
0.543815
0.486723
0.528220
0.487163
0.494913
0.557656
0.601662
0.548169
0.586330
0.616732
0.623097
0.592040
0.606785
0.540182
0.635918
0.607851
0.554414
0.530948
0.653988
0.690777
0.660092
0.742149
0.713749
0.704606
0.705067
0.680580
0.744625
0.680255
0.618347
0.595284
0.572464
0.623723
0.679024
0.658842
0.688542
0.716259
0.695762
0.665595
0.713057
0.708472
0.711162
0.688145
0.694274
0.722357
0.693071
0.749702
0.689553
0.663495
0.669868
0.661745
0.634688
0.683335
0.687321
0.661798
0.595442
0.629739
0.616963
0.594300
0.601229
0.688998
0.669636
0.676324
0.743628
0.685070
0.698619
0.756576
0.770384
0.729294
0.722201
0.719098
0.691006
0.686049
0.647310
0.684296
0.622943
0.682526
0.656564
0.712033
0.682449
0.683823
0.660669
0.666852
0.703440
0.694183
0.691239
0.688633
0.715056
0.726037
0.689132
0.723125
0.716793
0.663939
0.675483
0.680872
0.711889
0.683828
0.676282
0.607059
0.676494
0.684675
0.563793
0.586286
0.712404
0.691814
0.686610
0.702517
0.609334
0.609473
0.642513
0.666928
0.692851
0.710935
0.720196
0.740185
0.722602
0.679113
0.671063
0.659019
0.675282
0.745743
0.686406
0.672152
0.692036
0.668536
0.694833
0.664042
0.628010
0.587176
0.657111
0.705187
0.774273
0.675830
0.726523
0.684108
0.687124
0.639051
0.627994
0.668546
0.664537
0.672205
0.661526
0.657710
0.578965
0.556209
0.596101
0.632551
0.708410
0.638727
0.666254
0.598214
0.624946
0.625984
0.611212
0.675761
0.683521
0.620659
0.638586
0.617122
0.635243
0.687632
0.619817
0.637046
0.656669
0.639180
0.649443
0.677610
0.648479
0.668855
0.675929
0.696481
0.649809
0.649266
0.653356
0.661747
0.744695
0.728728
0.684472
0.723886
0.645080
0.752491
0.729542
0.718685
0.651897
0.645972
0.622236
0.675759
0.642310
0.627043
0.648660
0.630966
0.653510
0.655855
0.594427
0.577787
0.636850
0.615600
0.585872
0.563656
0.603756
0.651833
0.725464
0.656152
0.698752
0.626706
0.671115
0.627834
0.603130
0.694222
0.703768
0.709653
0.756142
0.721706
0.746507
0.747404
0.748325
0.697379
0.729654
0.736924
0.666320
0.716627
0.693440
0.700463
0.728647
0.741981
0.615674
0.589405
0.638995
0.585953
0.690540
0.688501
0.659990
0.726584
0.700284
0.622124
0.622295
0.680870
0.715784
0.637769
0.631608
0.742160
0.692105
0.665959
0.704536
