Specific Heat
0
3.278643302e-007
1.558207709e-005
6.650942401e-005
0.0001531951185
0.0001406245617
0.0001606672035
0.0001865039811
0.0001672146465
0.0001505011177
0.000149834879
0.0001463651837
0.0001416398237
0.0001316945884
0.0001258526402
0.0001334818532
0.0001313931394
0.0001344853938
0.0001427736519
0.0001811381626
0.0002518257312
0.0002827508268
0.000338545
0.0003848444326
0.0003949511195
0.0003820839134
0.0003836045811
0.0004098040318
0.0003962999056
0.0003834971068
0.0003715028743
0.0003599935134
0.0003572163176
0.0003993518948
0.0004100673265
0.000427789502
0.0004166574155
0.0004058033088
0.0003957296938
0.0003875464208
0.0003844459723
0.0003890492339
0.0004097507095
0.000422005677
0.0004139447695
0.0004093033397
0.0004020465757
0.0003964470112
0.0003994647074
0.0003916602341
0.0003845022861
0.0003798205294
0.0003729781053
0.0003737926701
0.0003672214334
0.0003647943404
0.000359113451
0.0003530257845
0.00034718083
0.0003428736349
0.0003378943552
0.0003331877804
0.0003475632249
0.0003427062136
0.0003378870335
0.0003368583257
0.0003322778704
0.0003327387846
0.000335212926
0.0003306941043
0.0003271482003
0.0003245465969
0.0003327953901
0.0003294167888
0.0003283811689
0.0003263453608
0.0003312128666
0.0003464940142
0.0003589608265
0.0003637695755
0.000379001291
0.0003904245859
0.000402431969
0.0004035250908
0.00041044032
0.0004162449004
0.0004206417963
0.0004351309203
0.0004366131819
0.0004442999861
0.0004457456459
0.0004643646688
0.0004750592167
0.0004888669189
0.0004977447079
0.0004993477019
0.0005047176688
0.0005080138196
0.0005181688451
0.0005231525958
0.000522596853
0.0005268450358
0.000527447657
0.0005261402313
0.0005285908631
0.0005278948706
0.0005316136845
0.0005381577135
0.0005363912567
0.0005472201412
0.0005458432597
0.0005523656702
0.0005503993416
0.0005535369636
0.0005659144624
0.0005743657432
0.0005703105707
0.0005713843377
0.0005728226419
0.0005722687315
0.0005796336703
0.0005822057476
0.0005814453447
0.0005910982002
0.0006024013539
0.000603589455
0.0006001981967
0.0006008667427
0.000602069593
0.0005990340701
0.0005955244338
0.0005919627382
0.0005875152524
0.0005836432908
0.0005793304805
0.0005756542376
0.0005714739223
0.0005694458613
0.0005665335425
0.000562529246
0.0005587199106
0.0005557189749
0.0005525364838
0.0005488016807
0.0005473375607
0.0005479462362
0.0005450866654
0.0005457841473
0.0005447948223
0.0005423662055
0.0005387938579
0.000535250683
0.000531813202
0.0005290583003
0.0005266934347
0.0005235491356
0.000520460423
0.0005172033801
0.0005147571409
0.0005115401996
0.0005101606
0.000507116953
0.0005047800435
0.0005022596324
0.0004993049355
0.0004969202161
0.0004939511764
0.0004914727023
0.0004891524738
0.0004883773518
0.0004874322765
0.0004877666774
0.0004875636568
0.000485345142
0.0004831648897
0.0004816449562
0.0004807899759
0.0004784034105
0.00047577283
0.0004731488875
0.0004705366002
0.000468893512
0.0004665006655
0.0004639719039
0.0004624501621
0.0004618134102
0.0004595283233
0.0004570868657
0.0004573147955
0.0004549079676
0.0004529292005
0.0004515560066
0.0004520303411
0.0004500986976
0.0004486647845
0.0004464103975
0.0004441534588
0.0004419270448
0.0004397196138
0.0004376448251
0.0004375015805
0.0004393549993
0.000439133311
0.0004377047228
0.0004356433072
0.0004343103212
0.0004330542203
0.0004315989276
0.000430696863
0.0004287586277
0.0004276329873
0.0004256201777
0.0004239032852
0.0004220183701
0.0004200560777
0.0004181177469
0.0004162195364
0.0004157401385
0.0004149154299
0.000413046842
0.0004116105835
0.0004100551495
0.0004084177153
0.0004068935955
0.0004051540393
0.000404095304
0.0004029561374
0.0004017793191
0.0004006793234
0.0003989877894
0.0003979005699
0.0003964566601
0.0003980450834
0.0003980285994
0.0003981388053
0.0003969296325
0.0003952706816
0.0003983388212
0.0003990351915
0.0004019412331
0.0004010398701
0.000399384699
0.0003977741038
0.0003970647109
0.0003954456601
0.0003942880155
0.0003929570764
0.0003920813593
0.0003905081101
0.0003889487809
0.0003907275002
0.0003919860539
0.0003905202904
0.0003912306594
0.0003900100767
0.0003889599483
0.0003883745177
0.0003871003966
0.0003870861654
0.000385606077
0.0003845704815
0.0003833126733
0.0003825467944
0.000381992369
0.0003815500646
0.0003817698228
0.0003832135271
0.0003853691563
0.0003886197947
0.000387995502
0.0003890828931
0.0003921325609
0.0003923299688
0.0003950244889
0.0003950825756
0.000396365871
0.0003951789955
0.0003942716931
0.0003945188604
0.0003937995916
0.000394315591
0.0003942115989
0.0003928707762
0.0003920218348
0.0003907465612
0.0003897438902
0.0003885133467
0.0003871960619
0.0003862314505
0.0003864666754
0.0003883634226
0.0003871147783
0.0003860312755
0.0003865775532
0.0003927735554
0.0003945217846
0.0003936245947
0.0003948289974
0.0003935551627
0.0003941873856
0.0003930285996
