Orientation Order Parameter
0.023751
0.127897
0.090628
0.043761
0.044425
0.172638
0.102885
0.045910
0.019316
0.039507
0.069342
0.028604
0.042279
0.016801
0.154333
0.075616
0.095418
0.052104
0.061595
0.066229
0.009130
0.053202
0.029561
0.042883
0.044811
0.028189
0.028836
0.081495
0.013445
0.027802
0.018781
0.087393
0.078380
0.082491
0.034455
0.069360
0.056681
0.039689
0.075218
0.020401
0.099846
0.037409
0.035870
0.102191
0.071217
0.051435
0.032579
0.077637
0.056985
0.052990
0.089972
0.063959
0.016292
0.050726
0.061067
0.036697
0.085981
0.093020
0.036589
0.113029
0.077754
0.116023
0.090573
0.167243
0.026984
0.040569
0.060301
0.052557
0.065285
0.112598
0.039798
0.085245
0.012084
0.064335
0.068289
0.107129
0.067368
0.078713
0.027668
0.047677
0.090276
0.063058
0.036036
0.057210
0.017085
0.083209
0.054206
0.079332
0.062243
0.020594
0.027212
0.019348
0.066063
0.095184
0.083814
0.147315
0.042566
0.059622
0.080027
0.059338
0.036475
0.080197
0.024806
0.137277
0.098732
0.043427
0.080446
0.042195
0.105249
0.042343
0.066650
0.090979
0.082233
0.023277
0.057736
0.018908
0.089648
0.075224
0.012381
0.007081
0.060979
0.060380
0.076912
0.051293
0.049626
0.051669
0.034825
0.066634
0.132747
0.095871
0.052670
0.036823
0.093233
0.072254
0.059757
0.075024
0.068891
0.119227
0.051550
0.072735
0.064313
0.019542
0.050864
0.057832
0.012113
0.074718
0.082828
0.075806
0.045653
0.086603
0.097835
0.022532
0.116785
0.046051
0.096638
0.037324
0.088682
0.051747
0.026107
0.056286
0.045763
0.017105
0.045282
0.070680
0.086251
0.042508
0.088020
0.067363
0.083086
0.041213
0.053052
0.044051
0.079402
0.022007
0.033646
0.039802
0.026109
0.032067
0.080524
0.178803
0.028482
0.041307
0.083924
0.052135
0.026594
0.062880
0.034415
0.022025
0.093625
0.087417
0.084766
0.060958
0.018698
0.073291
0.092829
0.100565
0.077122
0.130956
0.119394
0.064512
0.044705
0.078111
0.115065
0.036694
0.121043
0.054010
0.125235
0.002109
0.059172
0.036937
0.070157
0.056690
0.089151
0.067221
0.076211
0.124930
0.037754
0.079643
0.067716
0.089169
0.051646
0.039936
0.017478
0.053619
0.031174
0.043380
0.089860
0.084399
0.116166
0.016042
0.024477
0.135368
0.014316
0.097438
0.087701
0.027650
0.043810
0.064802
0.069296
0.064552
0.037344
0.095231
0.015907
0.025244
0.004151
0.106432
0.049122
0.036689
0.020949
0.035848
0.014703
0.045836
0.055628
0.050224
0.076762
0.075405
0.055239
0.032217
0.073899
0.108908
0.076393
0.044352
0.033509
0.081158
0.138897
0.047346
0.000332
0.059641
0.072309
0.012678
0.057253
0.111224
0.054426
0.167889
0.131292
0.068954
0.034298
0.064706
0.066344
0.076150
0.021568
0.012078
0.103695
0.026233
0.008027
0.083047
0.063434
0.067366
0.088035
0.024413
0.028373
0.017073
0.006752
0.128522
0.025832
0.041088
0.052392
0.059916
0.043077
0.065410
0.052697
0.084334
0.037177
0.065618
0.079809
0.105529
0.071751
0.015364
0.088653
0.069400
0.043472
0.023635
0.041894
0.008975
0.030216
0.135535
0.055094
0.052639
0.064833
0.084221
0.071063
0.074877
0.128045
0.059766
0.015957
0.084855
0.017983
0.074466
0.036491
0.076444
0.061387
0.040920
0.100869
0.045219
0.076880
0.011203
0.042272
0.037021
0.055352
0.099703
0.092602
0.050742
0.037861
0.079519
0.031524
0.080234
0.049063
0.014704
0.026767
0.069715
0.054521
0.058417
0.122198
0.036742
0.074963
0.050478
0.042808
0.043585
0.141599
0.021282
0.053442
0.076949
0.069668
0.061026
0.122999
0.066992
0.066795
0.094076
0.005876
0.070522
0.090760
0.055875
0.057613
0.028524
0.088759
0.089973
0.063465
0.017624
0.074358
0.039256
0.045033
0.076102
0.115275
0.008869
0.052204
0.026953
0.021601
0.059097
0.078889
0.111766
0.028078
0.064517
0.031401
0.130819
0.044072
0.087007
0.049784
0.047499
0.046437
0.052246
0.076506
0.059355
0.086865
0.064488
0.023976
0.013871
0.040634
0.010964
0.047869
0.091199
0.082450
0.071551
0.078970
0.044659
0.072935
0.044922
0.115175
0.156848
0.061828
0.049035
0.057575
0.072868
0.027054
0.049260
0.061442
0.097403
0.040969
0.017540
0.134659
0.029767
0.031343
0.126539
0.137084
0.024566
0.065818
0.031601
0.174516
0.070366
0.050276
0.045249
0.046285
0.064778
0.073572
0.089566
0.020085
0.044260
0.117304
0.044534
0.006863
0.105868
0.023543
0.028795
0.046476
0.050277
0.126563
0.027097
0.030877
0.089958
0.117512
0.032184
0.046788
0.052314
0.094903
0.040319
0.026077
0.053585
0.057806
0.136099
0.083512
0.048090
0.100262
0.086130
0.101481
0.039826
0.017128
0.070727
0.078589
0.052857
0.065677
0.019027
0.071154
0.097299
0.048005
0.048445
0.124840
0.022990
0.075634
0.067529
0.046627
0.038004
0.086381
0.046800
0.050819
0.110544
0.101536
0.056025
0.004666
0.156290
0.070824
0.017257
0.040469
0.012403
0.038752
0.085268
0.093220
0.029181
0.077617
0.064249
0.060364
0.060626
0.075117
0.030142
0.036945
0.017681
0.104547
0.039895
0.058140
0.137214
0.027648
0.113782
0.045255
0.132466
0.042112
0.075045
0.031381
0.023823
0.063228
0.112932
0.038599
0.091140
0.034456
0.057236
0.043708
0.039376
0.075299
0.050927
0.062850
0.058257
0.011606
0.153315
0.031348
0.058641
0.098376
0.049414
0.054504
0.068556
0.031727
0.042659
0.159215
0.049343
0.171883
0.020316
0.090104
0.024837
0.028641
0.116721
0.049772
0.126481
0.059804
0.069126
0.090031
0.055682
0.046426
0.083654
0.032363
0.090498
0.111706
0.067434
0.053185
0.026461
0.030161
0.038017
0.020220
0.053501
0.098586
0.008491
0.024660
0.082769
0.093626
0.046309
0.104925
0.087117
0.030644
0.059019
0.081755
0.094800
0.087949
0.031401
0.032309
0.093963
0.037783
0.072047
0.036314
0.109521
0.070132
0.052352
0.067568
0.061207
0.053075
0.019475
0.034786
0.118207
0.040336
0.087295
0.062609
0.104732
0.034554
0.096590
0.090616
0.059483
0.034563
0.034302
0.067886
0.097980
0.077516
0.115641
0.081155
0.089882
0.080913
0.048429
0.057971
0.114121
0.082746
0.067062
0.067547
0.053492
0.136597
0.040757
0.034891
0.070203
0.120636
0.011705
0.055071
0.086977
0.069399
0.064445
0.095972
0.063138
0.127555
0.069907
0.086477
0.072972
0.048571
0.060059
0.007395
0.073148
0.096098
0.078171
0.033126
0.158776
0.048971
0.049930
0.073161
0.121656
0.084272
0.035746
0.048820
0.049193
0.076680
0.106426
0.036866
0.048506
0.069305
0.098029
0.031739
0.039119
0.021515
0.050881
0.008971
0.076745
0.072522
0.084195
0.017159
0.029240
0.121282
0.076740
0.112435
0.058083
0.013598
0.047647
0.007150
0.090436
0.095816
0.041281
0.066461
0.088439
0.068271
0.149286
0.025620
0.078840
0.095028
0.069792
0.107071
0.090330
0.064662
0.091117
0.097759
0.040716
0.074665
0.051983
0.089384
0.041794
0.039600
0.096163
0.056419
0.048729
0.069512
0.083751
0.056576
0.024675
0.021874
0.141979
0.076546
0.046584
0.016258
0.035939
0.049108
0.040294
0.032844
0.009069
0.011029
0.062370
0.031120
0.022085
0.035649
0.016771
0.095531
0.093764
0.078662
0.074876
0.033965
0.046063
0.063959
0.131633
0.108962
0.041326
0.141415
0.072890
0.108000
0.109829
0.079717
0.062069
0.042125
0.051492
0.074192
0.043026
0.054462
0.053837
0.068034
0.076523
0.108239
0.095735
0.006719
0.120814
0.015040
0.099011
0.071213
0.069337
0.062057
0.061552
0.037936
0.079848
0.087662
0.138966
0.040901
0.088119
0.066543
0.066459
0.079888
0.037727
0.042091
0.059551
0.036300
0.142990
0.031657
0.019748
0.153911
0.029190
0.026470
0.049924
0.024166
0.036904
0.064540
0.063851
0.114340
0.045162
0.019504
0.070738
0.119800
0.047045
0.015082
0.080291
0.078635
0.109402
0.005612
0.158287
0.052988
0.037091
0.032632
0.055734
0.043608
0.081344
0.084562
0.058353
0.076916
0.092634
0.077007
0.046908
0.074273
0.043692
0.033644
0.067285
0.065308
0.062931
0.120564
0.087486
0.031601
0.045817
0.037063
0.031004
0.038472
0.065312
0.014842
0.032412
0.087348
0.049451
0.094185
0.041897
0.067824
0.037066
0.105041
0.065028
0.066113
0.108067
0.096654
0.118613
0.081638
0.157693
0.084661
0.079826
0.025007
0.073980
0.073501
0.051334
0.093676
0.013908
0.056025
0.025950
0.074289
0.042914
0.015366
0.089383
0.044221
0.064231
0.054057
0.079151
0.065564
0.061505
0.041347
0.035373
0.062555
0.049873
0.079752
0.037848
0.076944
0.112801
0.085675
0.106814
0.065216
0.049107
0.064922
0.041437
0.070528
0.070885
0.020035
0.015366
0.121134
0.126833
0.057020
0.037635
0.041118
0.083874
0.077204
0.049308
0.101871
0.053120
0.055601
0.050892
0.049877
0.060423
0.074320
0.034588
0.055396
0.019782
0.107453
0.029187
0.065058
0.021500
0.073813
0.137190
0.091779
0.026578
0.053391
0.099060
0.026384
0.033477
0.027824
0.062878
0.079275
0.132450
0.087371
0.045939
0.035525
0.017019
0.058459
0.068813
0.029645
0.059859
0.029424
0.103242
0.086323
0.077574
0.056958
0.063775
0.027155
0.089476
0.040803
0.088370
0.049956
0.096081
0.055935
0.019570
0.069849
0.088929
0.032084
0.029511
0.045457
0.085030
0.076673
0.037741
0.046888
0.066785
0.022178
0.057986
0.064455
0.053017
0.031746
0.058812
0.025717
0.020026
0.070728
0.103950
0.087403
0.067872
0.038965
0.047623
0.061999
0.062193
0.008002
0.073582
0.052161
0.048787
0.066897
0.025495
0.028319
0.056664
0.118820
0.099460
0.108472
0.067955
0.022559
0.040648
0.055172
0.101585
0.077577
0.058247
0.044796
0.040701
0.087627
0.025060
0.055886
0.013544
0.054170
0.046043
0.028166
0.020265
0.045764
0.063218
0.014689
0.054622
0.076042
0.032027
0.091414
0.033062
0.098738
0.069603
0.025828
0.063704
0.048563
0.077060
