Specific Heat
0
7.562278767e-007
4.982904694e-006
3.812046786e-006
7.463153958e-006
8.09827457e-006
6.97975571e-006
1.806298026e-005
1.60599566e-005
1.470235263e-005
1.415646247e-005
1.299451292e-005
1.229632148e-005
1.207068429e-005
1.155659801e-005
1.096867728e-005
1.057611449e-005
1.005641588e-005
1.101823265e-005
1.217522855e-005
1.175194909e-005
1.586029085e-005
1.520268774e-005
1.571382198e-005
1.512863397e-005
1.454710708e-005
1.403983616e-005
1.361929008e-005
1.316132227e-005
1.279739982e-005
1.249407424e-005
1.210470518e-005
1.259808669e-005
1.223014199e-005
1.684059751e-005
1.663357717e-005
1.623237275e-005
1.750076831e-005
1.732157709e-005
1.78616166e-005
1.742696328e-005
1.724406773e-005
1.786354202e-005
1.884226451e-005
1.917582557e-005
2.179056024e-005
2.134085236e-005
2.102655146e-005
2.107863225e-005
2.067701499e-005
2.039635466e-005
2.013769761e-005
1.975788236e-005
1.941634185e-005
1.91168604e-005
2.092555781e-005
2.350745829e-005
2.48455869e-005
2.443098669e-005
2.481574093e-005
2.445207863e-005
2.429776939e-005
2.419497451e-005
2.383329417e-005
2.427801643e-005
2.68663485e-005
2.875484576e-005
2.83370605e-005
2.805733625e-005
2.774077241e-005
2.755251417e-005
2.7258771e-005
2.742506578e-005
2.743777306e-005
2.781588744e-005
2.769676798e-005
2.783986763e-005
2.754229876e-005
2.773729772e-005
2.979532017e-005
2.944313352e-005
2.910137495e-005
2.879612283e-005
2.845352457e-005
2.81951192e-005
2.796742843e-005
3.024135618e-005
3.071960166e-005
3.112620109e-005
3.083190006e-005
3.064240593e-005
3.111095889e-005
3.11126357e-005
3.078305235e-005
3.205209057e-005
3.171842633e-005
3.167500745e-005
3.135225064e-005
3.103670194e-005
3.073909904e-005
3.108930185e-005
3.086246309e-005
3.057682245e-005
3.0568003e-005
3.06986614e-005
3.041882839e-005
3.115835508e-005
3.174950456e-005
3.209006669e-005
3.211739918e-005
3.27911244e-005
3.251203539e-005
3.235389075e-005
3.215128147e-005
3.225335162e-005
3.224073932e-005
3.202414575e-005
3.195429288e-005
3.168584782e-005
3.142182682e-005
3.116277553e-005
3.10638511e-005
3.111117246e-005
3.149369905e-005
3.173388945e-005
3.149371192e-005
3.15210065e-005
3.139833691e-005
3.143145846e-005
3.11899035e-005
3.095260957e-005
3.093566547e-005
3.070345483e-005
3.056131695e-005
3.047652855e-005
3.074928845e-005
3.053148192e-005
3.031233967e-005
3.00977374e-005
2.991690209e-005
2.974185053e-005
2.959110033e-005
2.973786153e-005
2.976967895e-005
2.968216953e-005
2.962679426e-005
2.942575928e-005
2.947867988e-005
2.950804569e-005
2.972465087e-005
2.963022058e-005
2.984947719e-005
2.986381722e-005
2.972906625e-005
2.979902536e-005
3.076310869e-005
3.100580766e-005
3.095028596e-005
3.084803831e-005
3.135848389e-005
3.129757759e-005
3.125142033e-005
3.142636727e-005
3.186968192e-005
3.195392552e-005
3.176165623e-005
3.163190938e-005
3.15883653e-005
3.196579575e-005
3.178706551e-005
3.160308121e-005
3.142530231e-005
3.152287976e-005
3.139849121e-005
3.126688397e-005
3.119236324e-005
3.101616011e-005
3.08457521e-005
3.069314269e-005
3.05911716e-005
3.057446843e-005
3.048646545e-005
3.039886579e-005
3.027634535e-005
3.021995189e-005
3.12305426e-005
3.133708126e-005
3.117050502e-005
3.178138005e-005
3.162641006e-005
3.15307168e-005
3.139376889e-005
3.123129756e-005
3.111220069e-005
3.095299126e-005
3.094598931e-005
3.107987598e-005
3.123849696e-005
3.11505159e-005
3.102346648e-005
3.131067523e-005
3.116194734e-005
3.103376212e-005
3.13353769e-005
3.143093333e-005
3.17587625e-005
3.160785331e-005
3.146053439e-005
3.131007569e-005
3.143106908e-005
3.150958526e-005
3.155866415e-005
3.143577516e-005
3.134044956e-005
3.121438162e-005
3.107845843e-005
3.116972369e-005
3.109037621e-005
3.09756605e-005
3.131574725e-005
3.155369032e-005
3.180893774e-005
3.167155881e-005
3.172084012e-005
3.165888911e-005
3.222651589e-005
3.223319788e-005
3.235091722e-005
3.231960855e-005
3.220853053e-005
3.250375572e-005
3.246698056e-005
3.238094978e-005
3.256738408e-005
3.245889793e-005
3.236936098e-005
3.238434865e-005
3.239015264e-005
3.285636938e-005
3.31584686e-005
3.32708132e-005
3.334270663e-005
3.348756115e-005
3.375816971e-005
3.36593348e-005
3.373437881e-005
3.369159277e-005
3.357649376e-005
3.346830295e-005
3.341760165e-005
3.351452053e-005
3.338264865e-005
3.348044995e-005
3.334872644e-005
3.323163621e-005
3.320750539e-005
3.345599106e-005
3.341051194e-005
3.32998582e-005
3.324503279e-005
3.32405545e-005
3.319014933e-005
3.310850588e-005
3.299489277e-005
3.288115079e-005
3.296579962e-005
3.298389023e-005
3.287779567e-005
3.276766008e-005
3.265612229e-005
3.260111335e-005
3.252442236e-005
3.242636087e-005
3.23138295e-005
3.219643033e-005
3.212321247e-005
3.201041667e-005
3.189773216e-005
3.179663874e-005
3.193166984e-005
3.193845764e-005
3.207249388e-005
3.206673499e-005
3.196695432e-005
3.185865463e-005
3.187065676e-005
3.176836737e-005
3.165813353e-005
3.155609073e-005
3.144748744e-005
3.143769212e-005
3.133185781e-005
3.15418315e-005
3.143519054e-005
3.135605976e-005
3.12551837e-005
3.115019863e-005
3.119628003e-005
3.131932662e-005
3.126408344e-005
3.135893717e-005
